0 0.55625 0.2953125 0.5765625 0.2734375 0.5734375 0.2390625 0.546875 0.21875 0.5140625 0.21875 0.4859375 0.2421875 0.484375 0.2625 0.4921875 0.2828125 0.5234375 0.3015625 0.55625 0.2953125
1 0.6375 0.44375 0.6546875000000001 0.43125 0.6640625 0.40937500000000004 0.6484375 0.38749999999999996 0.621875 0.37968749999999996 0.6140625 0.3828125 0.5953125 0.39375000000000004 0.5890625 0.41874999999999996 0.6015625 0.4390625 0.6187499999999999 0.4453125 0.6375 0.44375
0 0.7328125000000001 0.23125 0.734375 0.22031250000000002 0.7250000000000001 0.19687500000000002 0.7078125 0.1796875 0.6671875 0.1765625 0.640625 0.2 0.640625 0.2390625 0.66875 0.259375 0.7078125 0.25625 0.7328125000000001 0.23125
0 0.825 0.278125 0.8484375 0.28125 0.8640625 0.2765625 0.8890625000000001 0.2515625 0.8859375 0.21718749999999998 0.8609374999999999 0.1953125 0.825 0.19687500000000002 0.8062499999999999 0.2078125 0.796875 0.221875 0.79375 0.2375 0.8 0.259375 0.825 0.278125
2 0.7953125000000001 0.359375 0.815625 0.334375 0.8125 0.2984375 0.78125 0.284375 0.7562500000000001 0.2859375 0.734375 0.3015625 0.7281249999999999 0.32499999999999996 0.7328125000000001 0.35 0.7593749999999999 0.36406249999999996 0.7953125000000001 0.359375
1 0.7265625 0.9593750000000001 0.7250000000000001 0.9375 0.7015625000000001 0.91875 0.6796875 0.91875 0.659375 0.9375 0.6625000000000001 0.9640625 0.684375 0.9796875 0.7093750000000001 0.9781249999999999 0.7265625 0.9593750000000001
2 0.7265625 0.9593750000000001 0.7250000000000001 0.9375 0.7015625000000001 0.91875 0.6796875 0.91875 0.659375 0.9375 0.6625000000000001 0.9640625 0.684375 0.9796875 0.7093750000000001 0.9781249999999999 0.7265625 0.9593750000000001
1 0.4984375 0.8218749999999999 0.49531250000000004 0.8015625 0.47187500000000004 0.784375 0.4453125 0.7875000000000001 0.43125 0.8031250000000001 0.43281250000000004 0.828125 0.45625000000000004 0.8453124999999999 0.48124999999999996 0.84375 0.4984375 0.8218749999999999
3 0.3857743629807692 0.814495625 0.4117409903846154 0.7923818461538462 0.40625 0.7625 0.37968749999999996 0.7406250000000001 0.3578125 0.7406250000000001 0.33281249999999996 0.7578125 0.328125 0.76875 0.33125000000000004 0.7906249999999999 0.3495842259615385 0.8129838509615385 0.3857743629807692 0.814495625
0 0.30781250000000004 0.8 0.32499999999999996 0.7703125 0.31718749999999996 0.746875 0.290625 0.7281249999999999 0.2609375 0.7296875 0.23593750000000002 0.7546875 0.2390625 0.7859375 0.26875 0.8078125 0.290625 0.8078125 0.30781250000000004 0.8
2 0.2234375 0.8796875 0.2609375 0.8734375000000001 0.2765625 0.8531249999999999 0.2734375 0.8234375 0.25 0.8046875 0.215625 0.8046875 0.2 0.815625 0.1921875 0.8296874999999999 0.190625 0.8484375 0.19687500000000002 0.8625 0.2234375 0.8796875
0 0.2234375 0.8796875 0.2609375 0.8734375000000001 0.2765625 0.8531249999999999 0.2734375 0.8234375 0.25 0.8046875 0.215625 0.8046875 0.2 0.815625 0.1921875 0.8296874999999999 0.190625 0.8484375 0.19687500000000002 0.8625 0.2234375 0.8796875
2 0.37187499999999996 0.8828125 0.37187499999999996 0.8515625 0.34687500000000004 0.8296874999999999 0.31875 0.828125 0.2921875 0.846875 0.290625 0.8812500000000001 0.3125 0.9015625 0.34843749999999996 0.903125 0.37187499999999996 0.8828125
1 0.4 0.9578125 0.39531249999999996 0.9328125 0.3734375 0.91875 0.353125 0.9203125000000001 0.334375 0.9390624999999999 0.3375 0.965625 0.3609375 0.9796875 0.3890625 0.9734375 0.4 0.9578125