0 0.44375 0.7046874999999999 0.4234375 0.7265625 0.42656249999999996 0.7609375 0.453125 0.78125 0.4859375 0.78125 0.5140625 0.7578125 0.515625 0.7375 0.5078125 0.7171875000000001 0.4765625 0.6984375 0.44375 0.7046874999999999
1 0.36250000000000004 0.55625 0.3453125 0.56875 0.3359375 0.590625 0.3515625 0.6125 0.37812500000000004 0.6203125 0.38593750000000004 0.6171875 0.4046875 0.60625 0.41093749999999996 0.58125 0.3984375 0.5609375 0.38125 0.5546875 0.36250000000000004 0.55625
0 0.2671875 0.76875 0.265625 0.7796875000000001 0.275 0.8031250000000001 0.2921875 0.8203125 0.33281249999999996 0.8234375 0.359375 0.8 0.359375 0.7609375 0.33125000000000004 0.7406250000000001 0.2921875 0.7437499999999999 0.2671875 0.76875
0 0.175 0.721875 0.1515625 0.71875 0.1359375 0.7234375 0.1109375 0.7484375000000001 0.11406250000000001 0.7828124999999999 0.1390625 0.8046875 0.175 0.8031250000000001 0.19374999999999998 0.7921875 0.203125 0.778125 0.20625 0.7625 0.2 0.7406250000000001 0.175 0.721875
2 0.20468750000000002 0.640625 0.184375 0.6656249999999999 0.1875 0.7015625000000001 0.21875 0.715625 0.24375000000000002 0.7140625 0.265625 0.6984375 0.271875 0.675 0.2671875 0.6499999999999999 0.24062499999999998 0.6359375 0.20468750000000002 0.640625
1 0.2734375 0.040624999999999994 0.275 0.0625 0.2984375 0.08124999999999999 0.3203125 0.08124999999999999 0.34062499999999996 0.0625 0.3375 0.0359375 0.31562500000000004 0.020312499999999997 0.290625 0.021875 0.2734375 0.040624999999999994
2 0.2734375 0.040624999999999994 0.275 0.0625 0.2984375 0.08124999999999999 0.3203125 0.08124999999999999 0.34062499999999996 0.0625 0.3375 0.0359375 0.31562500000000004 0.020312499999999997 0.290625 0.021875 0.2734375 0.040624999999999994
1 0.5015625 0.17812499999999998 0.5046875 0.1984375 0.528125 0.215625 0.5546875 0.21250000000000002 0.56875 0.19687500000000002 0.5671875 0.171875 0.54375 0.15468749999999998 0.51875 0.15625 0.5015625 0.17812499999999998
3 0.6142256370192307 0.185504375 0.5882590096153846 0.20761815384615384 0.59375 0.2375 0.6203125 0.259375 0.6421874999999999 0.259375 0.6671875 0.2421875 0.671875 0.23125 0.66875 0.20937499999999998 0.6504157740384616 0.18701614903846153 0.6142256370192307 0.185504375
0 0.6921875 0.2 0.675 0.2296875 0.6828125 0.253125 0.7093750000000001 0.271875 0.7390625 0.2703125 0.7640625000000001 0.2453125 0.7609375 0.2140625 0.73125 0.1921875 0.7093750000000001 0.1921875 0.6921875 0.2
2 0.7765625 0.12031249999999999 0.7390625 0.1265625 0.7234375 0.146875 0.7265625 0.1765625 0.75 0.1953125 0.784375 0.1953125 0.8 0.184375 0.8078125 0.17031249999999998 0.809375 0.1515625 0.8031250000000001 0.1375 0.7765625 0.12031249999999999
0 0.7765625 0.12031249999999999 0.7390625 0.1265625 0.7234375 0.146875 0.7265625 0.1765625 0.75 0.1953125 0.784375 0.1953125 0.8 0.184375 0.8078125 0.17031249999999998 0.809375 0.1515625 0.8031250000000001 0.1375 0.7765625 0.12031249999999999
2 0.628125 0.1171875 0.628125 0.1484375 0.653125 0.17031249999999998 0.6812499999999999 0.171875 0.7078125 0.153125 0.7093750000000001 0.11875 0.6875 0.09843750000000001 0.6515625 0.09687499999999999 0.628125 0.1171875
1 0.6 0.0421875 0.6046875 0.0671875 0.6265624999999999 0.08124999999999999 0.6468750000000001 0.0796875 0.6656249999999999 0.060937500000000006 0.6625000000000001 0.034375 0.6390625000000001 0.020312499999999997 0.6109375 0.026562500000000003 0.6 0.0421875