0 0.3765625 0.8187500000000001 0.37968749999999996 0.8 0.375 0.7859375 0.353125 0.7671874999999999 0.31875 0.7671874999999999 0.29375 0.7875000000000001 0.2921875 0.8203125 0.31718749999999996 0.84375 0.353125 0.8421875000000001 0.3765625 0.8187500000000001
2 0.3453125 0.8984375 0.3453125 0.871875 0.3265625 0.8515625 0.290625 0.8484375 0.2640625 0.8703125 0.2625 0.8999999999999999 0.2890625 0.9234374999999999 0.321875 0.921875 0.3453125 0.8984375
2 0.3890625 0.9296875 0.4203125 0.9281250000000001 0.44375 0.9078124999999999 0.446875 0.8812500000000001 0.4234375 0.85625 0.3890625 0.8546875 0.3671875 0.871875 0.3609375 0.8875 0.36250000000000004 0.9046875000000001 0.3765625 0.9234374999999999 0.3890625 0.9296875
3 0.4453125 0.828125 0.4625 0.809375 0.4625 0.7828124999999999 0.4390625 0.7625 0.4125 0.7609375 0.3890625 0.778125 0.384375 0.8078125 0.396875 0.825 0.4125 0.8328125 0.4453125 0.828125
1 0.559375 0.8218749999999999 0.55625 0.8015625 0.5359375 0.7859375 0.5109375 0.7875000000000001 0.490625 0.809375 0.49375 0.83125 0.509375 0.8453124999999999 0.5421875 0.84375 0.559375 0.8218749999999999
1 0.490625 0.9703124999999999 0.4828125 0.9484375 0.45625000000000004 0.9359375000000001 0.4359375 0.940625 0.421875 0.9593750000000001 0.42500000000000004 0.9828125000000001 0.44843750000000004 0.9984375000000001 0.478125 0.9890625 0.490625 0.9703124999999999
0 0.4984375 0.2984375 0.528125 0.271875 0.5296875 0.24375000000000002 0.5203125 0.22812500000000002 0.4984375 0.215625 0.47343749999999996 0.215625 0.44375 0.23593750000000002 0.4359375 0.2625 0.4453125 0.28125 0.46875 0.2984375 0.4984375 0.2984375
0 0.653125 0.221875 0.6734374999999999 0.2 0.675 0.18125000000000002 0.6656249999999999 0.1609375 0.6359375 0.1453125 0.6046875 0.15 0.58125 0.1765625 0.58125 0.20156249999999998 0.59375 0.221875 0.6296875 0.23125 0.653125 0.221875
0 0.83125 0.18906250000000002 0.8328125 0.1640625 0.8109375000000001 0.1375 0.7749999999999999 0.134375 0.75 0.1484375 0.7359374999999999 0.184375 0.7578125 0.2140625 0.8015625 0.21875 0.83125 0.18906250000000002
2 0.7546875 0.3109375 0.7749999999999999 0.290625 0.778125 0.2671875 0.7734375 0.25625 0.7625 0.2421875 0.75 0.2375 0.7124999999999999 0.2390625 0.6890624999999999 0.2625 0.6921875 0.2984375 0.7015625000000001 0.30937499999999996 0.71875 0.31562500000000004 0.7546875 0.3109375
1 0.809375 0.9109375 0.8062499999999999 0.8890625000000001 0.7828124999999999 0.8734375000000001 0.7609375 0.875 0.7421875 0.8921874999999999 0.7437499999999999 0.9203125000000001 0.7703125 0.9359375000000001 0.7984374999999999 0.9281250000000001 0.809375 0.9109375