0 0.7078125 0.8203125 0.70625 0.7875000000000001 0.6812499999999999 0.7671874999999999 0.6468750000000001 0.7671874999999999 0.625 0.7859375 0.6203125 0.8 0.6234375000000001 0.8187500000000001 0.6468750000000001 0.8421875000000001 0.6828125 0.84375 0.7078125 0.8203125
2 0.7093750000000001 0.8484375 0.6734374999999999 0.8515625 0.6546875000000001 0.871875 0.6546875000000001 0.8984375 0.6781250000000001 0.921875 0.7109375 0.9234374999999999 0.7375 0.8999999999999999 0.7359374999999999 0.8703125 0.7093750000000001 0.8484375
2 0.6234375000000001 0.9234374999999999 0.6375 0.9046875000000001 0.6390625000000001 0.8875 0.6328125 0.871875 0.6109375 0.8546875 0.5765625 0.85625 0.553125 0.8812500000000001 0.55625 0.9078124999999999 0.5796875 0.9281250000000001 0.6109375 0.9296875 0.6234375000000001 0.9234374999999999
3 0.6156250000000001 0.8078125 0.6109375 0.778125 0.5875 0.7609375 0.5609375 0.7625 0.5375 0.7828124999999999 0.5375 0.809375 0.5546875 0.828125 0.5875 0.8328125 0.603125 0.825 0.6156250000000001 0.8078125
1 0.48906249999999996 0.7875000000000001 0.46406250000000004 0.7859375 0.44375 0.8015625 0.44062500000000004 0.8218749999999999 0.45781249999999996 0.84375 0.490625 0.8453124999999999 0.50625 0.83125 0.509375 0.809375 0.48906249999999996 0.7875000000000001
1 0.5640625 0.940625 0.54375 0.9359375000000001 0.5171875 0.9484375 0.509375 0.9703124999999999 0.521875 0.9890625 0.5515625 0.9984375000000001 0.575 0.9828125000000001 0.578125 0.9593750000000001 0.5640625 0.940625
0 0.53125 0.2984375 0.5546875 0.28125 0.5640625 0.2625 0.55625 0.23593750000000002 0.5265625 0.215625 0.5015625 0.215625 0.47968750000000004 0.22812500000000002 0.4703125 0.24375000000000002 0.47187500000000004 0.271875 0.5015625 0.2984375 0.53125 0.2984375
0 0.37031250000000004 0.23125 0.40625 0.221875 0.41874999999999996 0.20156249999999998 0.41874999999999996 0.1765625 0.39531249999999996 0.15 0.36406249999999996 0.1453125 0.334375 0.1609375 0.32499999999999996 0.18125000000000002 0.3265625 0.2 0.34687500000000004 0.221875 0.37031250000000004 0.23125
0 0.22499999999999998 0.134375 0.18906250000000002 0.1375 0.1671875 0.1640625 0.16875 0.18906250000000002 0.1984375 0.21875 0.2421875 0.2140625 0.2640625 0.184375 0.25 0.1484375 0.22499999999999998 0.134375
2 0.22499999999999998 0.290625 0.2453125 0.3109375 0.28125 0.31562500000000004 0.2984375 0.30937499999999996 0.30781250000000004 0.2984375 0.3109375 0.2625 0.2875 0.2390625 0.25 0.2375 0.2375 0.2421875 0.2265625 0.25625 0.221875 0.2671875 0.22499999999999998 0.290625
1 0.2390625 0.875 0.21718749999999998 0.8734375000000001 0.19374999999999998 0.8890625000000001 0.190625 0.9109375 0.20156249999999998 0.9281250000000001 0.2296875 0.9359375000000001 0.25625 0.9203125000000001 0.2578125 0.8921874999999999 0.2390625 0.875