0 0.565625 0.0640625 0.5515625 0.08124999999999999 0.5453125 0.1015625 0.55 0.1265625 0.565625 0.1453125 0.6 0.1609375 0.6312500000000001 0.1640625 0.6671875 0.15625 0.6859375000000001 0.14375 0.7015625000000001 0.12031249999999999 0.7 0.0953125 0.6921875 0.0765625 0.6671875 0.056249999999999994 0.640625 0.048437499999999994 0.6015625 0.048437499999999994 0.565625 0.0640625
0 0.5734375 0.25 0.553125 0.26875 0.5453125 0.303125 0.559375 0.328125 0.578125 0.34375 0.6015625 0.353125 0.6375 0.35624999999999996 0.6703125000000001 0.34843749999999996 0.6953125 0.33125000000000004 0.7046874999999999 0.3125 0.7046874999999999 0.2875 0.690625 0.2609375 0.6734374999999999 0.246875 0.6484375 0.2390625 0.603125 0.2390625 0.5734375 0.25
0 0.5515625 0.45781249999999996 0.54375 0.475 0.54375 0.49531250000000004 0.55625 0.51875 0.58125 0.5375 0.6015625 0.5453125 0.6421874999999999 0.546875 0.6625000000000001 0.54375 0.6859375000000001 0.528125 0.703125 0.503125 0.703125 0.4765625 0.6765625 0.44062500000000004 0.6468750000000001 0.4296875 0.6046875 0.4296875 0.565625 0.44375 0.5515625 0.45781249999999996
0 0.5203125 0.65625 0.5296875 0.6812499999999999 0.55625 0.7046874999999999 0.584375 0.715625 0.625 0.715625 0.6656249999999999 0.703125 0.6812499999999999 0.684375 0.6812499999999999 0.64375 0.6671875 0.6203125 0.6390625000000001 0.5984375 0.5734375 0.5953125 0.528125 0.6234375000000001 0.5203125 0.65625
0 0.303125 0.825 0.2953125 0.8656250000000001 0.321875 0.9015625 0.353125 0.9171875 0.38593750000000004 0.9203125000000001 0.42500000000000004 0.9125000000000001 0.44375 0.8968750000000001 0.4546875 0.878125 0.4546875 0.84375 0.43437499999999996 0.8125 0.4046875 0.7953125000000001 0.353125 0.79375 0.3296875 0.8015625 0.303125 0.825
3 0.103125 0.7625 0.078125 0.7765625 0.0640625 0.7906249999999999 0.0578125 0.815625 0.0671875 0.840625 0.0875 0.859375 0.1171875 0.8687499999999999 0.159375 0.8687499999999999 0.18125000000000002 0.859375 0.1984375 0.840625 0.203125 0.8031250000000001 0.1953125 0.7859375 0.175 0.76875 0.15 0.7578125 0.128125 0.7578125 0.103125 0.7625
3 0.0734375 0.6156250000000001 0.0671875 0.6468750000000001 0.08124999999999999 0.671875 0.103125 0.6875 0.1671875 0.6921875 0.1921875 0.6828125 0.2078125 0.6625000000000001 0.21250000000000002 0.6515625 0.20937499999999998 0.6203125 0.1921875 0.5984375 0.175 0.5890625 0.1265625 0.5859375 0.10468749999999999 0.590625 0.0734375 0.6156250000000001
3 0.0875 0.4296875 0.08124999999999999 0.459375 0.09375 0.4828125 0.12031249999999999 0.5015625 0.175 0.50625 0.2140625 0.4859375 0.2234375 0.4703125 0.2234375 0.44218749999999996 0.20468750000000002 0.41718750000000004 0.1828125 0.40312499999999996 0.1328125 0.40312499999999996 0.115625 0.4078125 0.0875 0.4296875
3 0.0921875 0.2546875 0.08124999999999999 0.26875 0.078125 0.29375 0.0875 0.3140625 0.1078125 0.3296875 0.128125 0.3375 0.17812499999999998 0.33906250000000004 0.2 0.3296875 0.215625 0.3140625 0.221875 0.2984375 0.22031250000000002 0.2734375 0.20937499999999998 0.2546875 0.18593749999999998 0.2390625 0.1375 0.23593750000000002 0.1078125 0.24375000000000002 0.0921875 0.2546875
3 0.12031249999999999 0.1453125 0.1421875 0.16875 0.16249999999999998 0.1765625 0.20468750000000002 0.17812499999999998 0.2296875 0.171875 0.24843749999999998 0.15468749999999998 0.25625 0.134375 0.2546875 0.11406250000000001 0.221875 0.08124999999999999 0.17031249999999998 0.075 0.128125 0.09375 0.11406250000000001 0.1265625 0.12031249999999999 0.1453125
0 0.540625 0.8265625000000001 0.521875 0.8515625 0.51875 0.8687499999999999 0.525 0.8953125 0.546875 0.9203125000000001 0.578125 0.934375 0.6234375000000001 0.9359375000000001 0.6546875000000001 0.925 0.6703125000000001 0.9109375 0.6812499999999999 0.890625 0.6812499999999999 0.8625 0.6640625 0.8359375 0.6484375 0.8234375 0.621875 0.8125 0.584375 0.8109375000000001 0.540625 0.8265625000000001