0 0.43437499999999996 0.1453125 0.44999999999999996 0.1265625 0.4546875 0.1015625 0.44843750000000004 0.08124999999999999 0.43437499999999996 0.0640625 0.3984375 0.048437499999999994 0.359375 0.048437499999999994 0.33281249999999996 0.056249999999999994 0.30781250000000004 0.0765625 0.3 0.0953125 0.2984375 0.12031249999999999 0.3140625 0.14375 0.33281249999999996 0.15625 0.36875 0.1640625 0.4 0.1609375 0.43437499999999996 0.1453125
0 0.421875 0.34375 0.44062500000000004 0.328125 0.4546875 0.303125 0.446875 0.26875 0.42656249999999996 0.25 0.396875 0.2390625 0.3515625 0.2390625 0.3265625 0.246875 0.30937499999999996 0.2609375 0.2953125 0.2875 0.2953125 0.3125 0.3046875 0.33125000000000004 0.3296875 0.34843749999999996 0.36250000000000004 0.35624999999999996 0.3984375 0.353125 0.421875 0.34375
0 0.41874999999999996 0.5375 0.44375 0.51875 0.45625000000000004 0.49531250000000004 0.45625000000000004 0.475 0.44843750000000004 0.45781249999999996 0.43437499999999996 0.44375 0.39531249999999996 0.4296875 0.353125 0.4296875 0.32343750000000004 0.44062500000000004 0.296875 0.4765625 0.296875 0.503125 0.3140625 0.528125 0.3375 0.54375 0.3578125 0.546875 0.3984375 0.5453125 0.41874999999999996 0.5375
0 0.4703125 0.6812499999999999 0.47968750000000004 0.65625 0.47187500000000004 0.6234375000000001 0.42656249999999996 0.5953125 0.3609375 0.5984375 0.33281249999999996 0.6203125 0.31875 0.64375 0.31875 0.684375 0.334375 0.703125 0.375 0.715625 0.415625 0.715625 0.44375 0.7046874999999999 0.4703125 0.6812499999999999
0 0.6781250000000001 0.9015625 0.7046874999999999 0.8656250000000001 0.6968749999999999 0.825 0.6703125000000001 0.8015625 0.6468750000000001 0.79375 0.5953125 0.7953125000000001 0.565625 0.8125 0.5453125 0.84375 0.5453125 0.878125 0.55625 0.8968750000000001 0.575 0.9125000000000001 0.6140625 0.9203125000000001 0.6468750000000001 0.9171875 0.6781250000000001 0.9015625
3 0.9328125 0.840625 0.9421875 0.815625 0.9359375000000001 0.7906249999999999 0.921875 0.7765625 0.8968750000000001 0.7625 0.871875 0.7578125 0.8500000000000001 0.7578125 0.825 0.76875 0.8046875 0.7859375 0.796875 0.8031250000000001 0.8015625 0.840625 0.8187500000000001 0.859375 0.840625 0.8687499999999999 0.8828125 0.8687499999999999 0.9125000000000001 0.859375 0.9328125 0.840625
3 0.91875 0.671875 0.9328125 0.6468750000000001 0.9265625 0.6156250000000001 0.8953125 0.590625 0.8734375000000001 0.5859375 0.825 0.5890625 0.8078125 0.5984375 0.7906249999999999 0.6203125 0.7875000000000001 0.6515625 0.7921875 0.6625000000000001 0.8078125 0.6828125 0.8328125 0.6921875 0.8968750000000001 0.6875 0.91875 0.671875
3 0.91875 0.459375 0.9125000000000001 0.4296875 0.8843749999999999 0.4078125 0.8671875 0.40312499999999996 0.8171875 0.40312499999999996 0.7953125000000001 0.41718750000000004 0.7765625 0.44218749999999996 0.7765625 0.4703125 0.7859375 0.4859375 0.825 0.50625 0.8796875 0.5015625 0.90625 0.4828125 0.91875 0.459375
3 0.8921874999999999 0.3296875 0.9125000000000001 0.3140625 0.921875 0.29375 0.91875 0.26875 0.9078124999999999 0.2546875 0.8921874999999999 0.24375000000000002 0.8625 0.23593750000000002 0.8140624999999999 0.2390625 0.7906249999999999 0.2546875 0.7796875000000001 0.2734375 0.778125 0.2984375 0.784375 0.3140625 0.8 0.3296875 0.8218749999999999 0.33906250000000004 0.871875 0.3375 0.8921874999999999 0.3296875
3 0.8578125000000001 0.16875 0.8796875 0.1453125 0.8859375 0.1265625 0.871875 0.09375 0.8296874999999999 0.075 0.778125 0.08124999999999999 0.7453125 0.11406250000000001 0.7437499999999999 0.134375 0.7515624999999999 0.15468749999999998 0.7703125 0.171875 0.7953125000000001 0.17812499999999998 0.8374999999999999 0.1765625 0.8578125000000001 0.16875
0 0.453125 0.9203125000000001 0.475 0.8953125 0.48124999999999996 0.8687499999999999 0.478125 0.8515625 0.459375 0.8265625000000001 0.415625 0.8109375000000001 0.37812500000000004 0.8125 0.3515625 0.8234375 0.3359375 0.8359375 0.31875 0.8625 0.31875 0.890625 0.3296875 0.9109375 0.3453125 0.925 0.3765625 0.9359375000000001 0.421875 0.934375 0.453125 0.9203125000000001