0 0.9359375000000001 0.565625 0.91875 0.5515625 0.8984375 0.5453125 0.8734375000000001 0.55 0.8546875 0.565625 0.8390625 0.6 0.8359375 0.6312500000000001 0.84375 0.6671875 0.85625 0.6859375000000001 0.8796875 0.7015625000000001 0.9046875000000001 0.7 0.9234374999999999 0.6921875 0.9437500000000001 0.6671875 0.9515625000000001 0.640625 0.9515625000000001 0.6015625 0.9359375000000001 0.565625
0 0.75 0.5734375 0.73125 0.553125 0.6968749999999999 0.5453125 0.671875 0.559375 0.65625 0.578125 0.6468750000000001 0.6015625 0.64375 0.6375 0.6515625 0.6703125000000001 0.66875 0.6953125 0.6875 0.7046874999999999 0.7124999999999999 0.7046874999999999 0.7390625 0.690625 0.753125 0.6734374999999999 0.7609375 0.6484375 0.7609375 0.603125 0.75 0.5734375
0 0.5421875 0.5515625 0.525 0.54375 0.5046875 0.54375 0.48124999999999996 0.55625 0.4625 0.58125 0.4546875 0.6015625 0.453125 0.6421874999999999 0.45625000000000004 0.6625000000000001 0.47187500000000004 0.6859375000000001 0.49687499999999996 0.703125 0.5234375 0.703125 0.559375 0.6765625 0.5703125 0.6468750000000001 0.5703125 0.6046875 0.55625 0.565625 0.5421875 0.5515625
0 0.34375 0.5203125 0.31875 0.5296875 0.2953125 0.55625 0.284375 0.584375 0.284375 0.625 0.296875 0.6656249999999999 0.31562500000000004 0.6812499999999999 0.35624999999999996 0.6812499999999999 0.37968749999999996 0.6671875 0.40156250000000004 0.6390625000000001 0.4046875 0.5734375 0.3765625 0.528125 0.34375 0.5203125
0 0.175 0.303125 0.134375 0.2953125 0.09843750000000001 0.321875 0.08281250000000001 0.353125 0.0796875 0.38593750000000004 0.0875 0.42500000000000004 0.103125 0.44375 0.12187500000000001 0.4546875 0.15625 0.4546875 0.1875 0.43437499999999996 0.20468750000000002 0.4046875 0.20625 0.353125 0.1984375 0.3296875 0.175 0.303125
3 0.2375 0.103125 0.2234375 0.078125 0.20937499999999998 0.0640625 0.184375 0.0578125 0.159375 0.0671875 0.140625 0.0875 0.13125 0.1171875 0.13125 0.159375 0.140625 0.18125000000000002 0.159375 0.1984375 0.19687500000000002 0.203125 0.2140625 0.1953125 0.23125 0.175 0.2421875 0.15 0.2421875 0.128125 0.2375 0.103125
3 0.384375 0.0734375 0.353125 0.0671875 0.328125 0.08124999999999999 0.3125 0.103125 0.30781250000000004 0.1671875 0.31718749999999996 0.1921875 0.3375 0.2078125 0.34843749999999996 0.21250000000000002 0.37968749999999996 0.20937499999999998 0.40156250000000004 0.1921875 0.41093749999999996 0.175 0.4140625 0.1265625 0.40937500000000004 0.10468749999999999 0.384375 0.0734375
3 0.5703125 0.0875 0.540625 0.08124999999999999 0.5171875 0.09375 0.4984375 0.12031249999999999 0.49375 0.175 0.5140625 0.2140625 0.5296875 0.2234375 0.5578125 0.2234375 0.5828125 0.20468750000000002 0.596875 0.1828125 0.596875 0.1328125 0.5921875 0.115625 0.5703125 0.0875
3 0.7453125 0.0921875 0.73125 0.08124999999999999 0.70625 0.078125 0.6859375000000001 0.0875 0.6703125000000001 0.1078125 0.6625000000000001 0.128125 0.6609375 0.17812499999999998 0.6703125000000001 0.2 0.6859375000000001 0.215625 0.7015625000000001 0.221875 0.7265625 0.22031250000000002 0.7453125 0.20937499999999998 0.7609375 0.18593749999999998 0.7640625000000001 0.1375 0.7562500000000001 0.1078125 0.7453125 0.0921875
3 0.8546875 0.12031249999999999 0.83125 0.1421875 0.8234375 0.16249999999999998 0.8218749999999999 0.20468750000000002 0.828125 0.2296875 0.8453124999999999 0.24843749999999998 0.8656250000000001 0.25625 0.8859375 0.2546875 0.91875 0.221875 0.925 0.17031249999999998 0.90625 0.128125 0.8734375000000001 0.11406250000000001 0.8546875 0.12031249999999999
0 0.17343750000000002 0.540625 0.1484375 0.521875 0.13125 0.51875 0.10468749999999999 0.525 0.0796875 0.546875 0.065625 0.578125 0.0640625 0.6234375000000001 0.075 0.6546875000000001 0.08906249999999999 0.6703125000000001 0.109375 0.6812499999999999 0.1375 0.6812499999999999 0.1640625 0.6640625 0.1765625 0.6484375 0.1875 0.621875 0.18906250000000002 0.584375 0.17343750000000002 0.540625