1 1 0.509375 0.98125 0.484375 0.9437500000000001 0.47968750000000004 0.921875 0.49687499999999996 0.91875 0.5203125 0.934375 0.5421875 0.9515625000000001 0.55 0.9734375 0.55 0.9890625 0.5421875 1 0.5265625 1 0.509375
0 0.6015625 0.753125 0.578125 0.7421875 0.5515625 0.7421875 0.5265625 0.753125 0.5140625 0.7671874999999999 0.5078125 0.7875000000000001 0.509375 0.8062499999999999 0.5203125 0.828125 0.546875 0.8453124999999999 0.584375 0.846875 0.60625 0.8343750000000001 0.6203125 0.815625 0.621875 0.7828124999999999 0.6156250000000001 0.7703125 0.6015625 0.753125
1 0.5359375 0.609375 0.509375 0.6343749999999999 0.5109375 0.6640625 0.534375 0.6859375000000001 0.5671875 0.6859375000000001 0.58125 0.6796875 0.590625 0.6640625 0.590625 0.6359375 0.5703125 0.6125 0.5359375 0.609375
2 0.584375 0.46562499999999996 0.559375 0.490625 0.55625 0.51875 0.5609375 0.5328125 0.596875 0.559375 0.6312500000000001 0.5578125 0.64375 0.553125 0.6625000000000001 0.525 0.65625 0.4828125 0.625 0.4625 0.584375 0.46562499999999996
2 0.6265624999999999 0.3265625 0.6203125 0.365625 0.6421874999999999 0.39375000000000004 0.6609375 0.40156250000000004 0.6890624999999999 0.40156250000000004 0.7171875000000001 0.384375 0.7234375 0.33906250000000004 0.690625 0.30781250000000004 0.653125 0.30625 0.6265624999999999 0.3265625
2 0.5265625 0.215625 0.50625 0.215625 0.48124999999999996 0.2265625 0.46875 0.246875 0.47187500000000004 0.2875 0.49687499999999996 0.30781250000000004 0.5421875 0.30937499999999996 0.55625 0.3015625 0.571875 0.2765625 0.5703125 0.253125 0.559375 0.23281249999999998 0.5265625 0.215625
0 0.5453125 0.060937500000000006 0.525 0.065625 0.50625 0.08281250000000001 0.4984375 0.1015625 0.50625 0.1359375 0.51875 0.15 0.5390625 0.159375 0.5734375 0.1609375 0.5921875 0.1515625 0.60625 0.13125 0.6046875 0.09375 0.571875 0.0640625 0.5453125 0.060937500000000006
1 0.40625 0.5453125 0.3921875 0.565625 0.3984375 0.5953125 0.41718750000000004 0.6125 0.44843750000000004 0.6140625 0.4625 0.6078125 0.475 0.590625 0.47187500000000004 0.5578125 0.44375 0.5375 0.40625 0.5453125
0 0.15625 0.46406250000000004 0.13125 0.46406250000000004 0.109375 0.47343749999999996 0.09375 0.48906249999999996 0.0859375 0.5078125 0.0859375 0.525 0.0953125 0.5453125 0.128125 0.56875 0.1640625 0.5703125 0.18593749999999998 0.559375 0.20156249999999998 0.540625 0.20625 0.509375 0.1984375 0.490625 0.15625 0.46406250000000004
3 0.175 0.3015625 0.146875 0.32343750000000004 0.14375 0.3578125 0.15781250000000002 0.3765625 0.175 0.38749999999999996 0.20937499999999998 0.3890625 0.22812500000000002 0.38125 0.2453125 0.36406249999999996 0.2453125 0.334375 0.2140625 0.3046875 0.175 0.3015625
0 0.31562500000000004 0.21718749999999998 0.296875 0.23593750000000002 0.2875 0.25625 0.2890625 0.278125 0.296875 0.2921875 0.32499999999999996 0.3140625 0.37031250000000004 0.3109375 0.38749999999999996 0.2984375 0.3984375 0.2765625 0.3921875 0.2453125 0.36406249999999996 0.21718749999999998 0.31562500000000004 0.21718749999999998