1 0.46406250000000004 0.0046875 0.43281250000000004 0.00625 0.415625 0.026562500000000003 0.415625 0.060937500000000006 0.43281250000000004 0.08124999999999999 0.459375 0.08281250000000001 0.478125 0.0671875 0.484375 0.03125 0.46406250000000004 0.0046875
2 0.36875 0.31562500000000004 0.353125 0.3015625 0.3375 0.296875 0.30781250000000004 0.3015625 0.2828125 0.334375 0.284375 0.3734375 0.30781250000000004 0.3984375 0.34843749999999996 0.4 0.3734375 0.375 0.37812500000000004 0.3359375 0.36875 0.31562500000000004
2 0.540625 0.365625 0.5125 0.3375 0.47343749999999996 0.33906250000000004 0.44999999999999996 0.3609375 0.4453125 0.3734375 0.446875 0.40937500000000004 0.4609375 0.43125 0.478125 0.44218749999999996 0.5171875 0.4390625 0.540625 0.40937500000000004 0.540625 0.365625
0 0.15625 0.50625 0.153125 0.4765625 0.1296875 0.44999999999999996 0.09062500000000001 0.44843750000000004 0.06875 0.46562499999999996 0.0578125 0.4859375 0.059375 0.525 0.084375 0.5515625 0.115625 0.5546875 0.1328125 0.546875 0.15 0.528125 0.15625 0.50625
2 0.303125 0.484375 0.2734375 0.4609375 0.2375 0.4671875 0.2234375 0.48124999999999996 0.2140625 0.503125 0.21875 0.540625 0.2453125 0.5640625 0.284375 0.5625 0.3015625 0.5453125 0.30937499999999996 0.5234375 0.303125 0.484375
0 0.3359375 0.675 0.3140625 0.6390625000000001 0.3 0.6328125 0.2703125 0.6359375 0.24843749999999998 0.653125 0.2390625 0.66875 0.24062499999999998 0.7124999999999999 0.2578125 0.734375 0.2953125 0.7437499999999999 0.3296875 0.7203124999999999 0.3375 0.6984375 0.3359375 0.675
1 0.621875 0.565625 0.621875 0.540625 0.6140625 0.525 0.596875 0.5125 0.5796875 0.5109375 0.5515625 0.5265625 0.54375 0.5421875 0.54375 0.5625 0.5515625 0.58125 0.571875 0.596875 0.6046875 0.590625 0.621875 0.565625
1 0.6546875000000001 0.38749999999999996 0.6203125 0.390625 0.6 0.415625 0.6 0.4453125 0.6234375000000001 0.4703125 0.6515625 0.4703125 0.675 0.446875 0.6765625 0.4140625 0.6546875000000001 0.38749999999999996
0 0.8343750000000001 0.3921875 0.83125 0.37187499999999996 0.8140624999999999 0.34843749999999996 0.79375 0.3375 0.7734375 0.3375 0.7562500000000001 0.34375 0.7359374999999999 0.36250000000000004 0.7281249999999999 0.40312499999999996 0.75 0.44218749999999996 0.7625 0.44999999999999996 0.7859375 0.4515625 0.8218749999999999 0.43281250000000004 0.8343750000000001 0.3921875
3 0.43281250000000004 0.8359375 0.43281250000000004 0.8125 0.428125 0.79375 0.4046875 0.7734375 0.3828125 0.7703125 0.365625 0.778125 0.3453125 0.8046875 0.3453125 0.846875 0.36250000000000004 0.8687499999999999 0.3890625 0.8765624999999999 0.41093749999999996 0.8703125 0.4234375 0.8578125000000001 0.43281250000000004 0.8359375
0 0.6171875 0.8640625 0.6140625 0.8203125 0.603125 0.8046875 0.58125 0.7906249999999999 0.54375 0.7921875 0.5125 0.825 0.5140625 0.8703125 0.525 0.8890625000000001 0.55 0.90625 0.5875 0.903125 0.603125 0.8890625000000001 0.6171875 0.8640625