1 0 0.490625 0.01875 0.515625 0.056249999999999994 0.5203125 0.078125 0.503125 0.08124999999999999 0.47968750000000004 0.065625 0.45781249999999996 0.048437499999999994 0.44999999999999996 0.026562500000000003 0.44999999999999996 0.0109375 0.45781249999999996 0 0.47343749999999996 0 0.490625
0 0.3984375 0.246875 0.421875 0.2578125 0.44843750000000004 0.2578125 0.47343749999999996 0.246875 0.4859375 0.23281249999999998 0.4921875 0.21250000000000002 0.490625 0.19374999999999998 0.47968750000000004 0.171875 0.453125 0.15468749999999998 0.415625 0.153125 0.39375000000000004 0.16562500000000002 0.37968749999999996 0.184375 0.37812500000000004 0.21718749999999998 0.384375 0.2296875 0.3984375 0.246875
1 0.46406250000000004 0.390625 0.490625 0.365625 0.48906249999999996 0.3359375 0.46562499999999996 0.3140625 0.43281250000000004 0.3140625 0.41874999999999996 0.3203125 0.40937500000000004 0.3359375 0.40937500000000004 0.36406249999999996 0.4296875 0.38749999999999996 0.46406250000000004 0.390625
2 0.415625 0.534375 0.44062500000000004 0.509375 0.44375 0.48124999999999996 0.4390625 0.4671875 0.40312499999999996 0.44062500000000004 0.36875 0.44218749999999996 0.35624999999999996 0.446875 0.3375 0.475 0.34375 0.5171875 0.375 0.5375 0.415625 0.534375
2 0.3734375 0.6734374999999999 0.37968749999999996 0.6343749999999999 0.3578125 0.60625 0.33906250000000004 0.5984375 0.3109375 0.5984375 0.2828125 0.6156250000000001 0.2765625 0.6609375 0.30937499999999996 0.6921875 0.34687500000000004 0.6937500000000001 0.3734375 0.6734374999999999
2 0.47343749999999996 0.784375 0.49375 0.784375 0.51875 0.7734375 0.53125 0.753125 0.528125 0.7124999999999999 0.503125 0.6921875 0.45781249999999996 0.690625 0.44375 0.6984375 0.428125 0.7234375 0.4296875 0.746875 0.44062500000000004 0.7671874999999999 0.47343749999999996 0.784375
0 0.4546875 0.9390624999999999 0.475 0.934375 0.49375 0.9171875 0.5015625 0.8984375 0.49375 0.8640625 0.48124999999999996 0.8500000000000001 0.4609375 0.840625 0.42656249999999996 0.8390625 0.4078125 0.8484375 0.39375000000000004 0.8687499999999999 0.39531249999999996 0.90625 0.428125 0.9359375000000001 0.4546875 0.9390624999999999
1 0.59375 0.4546875 0.6078125 0.43437499999999996 0.6015625 0.4046875 0.5828125 0.38749999999999996 0.5515625 0.38593750000000004 0.5375 0.3921875 0.525 0.40937500000000004 0.528125 0.44218749999999996 0.55625 0.4625 0.59375 0.4546875
0 0.84375 0.5359375 0.8687499999999999 0.5359375 0.890625 0.5265625 0.90625 0.5109375 0.9140625 0.4921875 0.9140625 0.475 0.9046875000000001 0.4546875 0.871875 0.43125 0.8359375 0.4296875 0.8140624999999999 0.44062500000000004 0.7984374999999999 0.459375 0.79375 0.490625 0.8015625 0.509375 0.84375 0.5359375
3 0.825 0.6984375 0.8531249999999999 0.6765625 0.85625 0.6421874999999999 0.8421875000000001 0.6234375000000001 0.825 0.6125 0.7906249999999999 0.6109375 0.7718750000000001 0.6187499999999999 0.7546875 0.6359375 0.7546875 0.6656249999999999 0.7859375 0.6953125 0.825 0.6984375
0 0.684375 0.7828124999999999 0.703125 0.7640625000000001 0.7124999999999999 0.7437499999999999 0.7109375 0.721875 0.703125 0.7078125 0.675 0.6859375000000001 0.6296875 0.6890624999999999 0.6125 0.7015625000000001 0.6015625 0.7234375 0.6078125 0.7546875 0.6359375 0.7828124999999999 0.684375 0.7828124999999999