2 0.4546875 0.1171875 0.4453125 0.1515625 0.4546875 0.171875 0.48124999999999996 0.1921875 0.5359375 0.19687500000000002 0.5765625 0.1765625 0.5890625 0.1484375 0.5859375 0.128125 0.5765625 0.1109375 0.559375 0.1 0.503125 0.09062500000000001 0.4765625 0.1 0.4546875 0.1171875
2 0.44062500000000004 0.2765625 0.45625000000000004 0.3015625 0.48124999999999996 0.31718749999999996 0.528125 0.3203125 0.5546875 0.3109375 0.575 0.29375 0.5828125 0.2734375 0.58125 0.2515625 0.55625 0.2234375 0.5296875 0.215625 0.48750000000000004 0.215625 0.4453125 0.24375000000000002 0.44062500000000004 0.2765625
2 0.43281250000000004 0.44218749999999996 0.44062500000000004 0.45781249999999996 0.47187500000000004 0.47968750000000004 0.5296875 0.47968750000000004 0.553125 0.4671875 0.5765625 0.4359375 0.5765625 0.4078125 0.5578125 0.3921875 0.5140625 0.3765625 0.4671875 0.3828125 0.44062500000000004 0.4 0.43125 0.4234375 0.43281250000000004 0.44218749999999996
2 0.45625000000000004 0.5328125 0.44843750000000004 0.55 0.44843750000000004 0.5734375 0.45625000000000004 0.5875 0.48124999999999996 0.6078125 0.5125 0.6140625 0.5484375 0.6109375 0.575 0.5953125 0.584375 0.58125 0.5890625 0.5703125 0.5859375 0.54375 0.56875 0.5234375 0.55 0.5125 0.4984375 0.509375 0.47343749999999996 0.51875 0.45625000000000004 0.5328125
2 0.446875 0.7625 0.4515625 0.7796875000000001 0.46875 0.7984374999999999 0.4921875 0.809375 0.540625 0.8109375000000001 0.578125 0.7859375 0.5875 0.7640625000000001 0.5859375 0.7453125 0.5546875 0.7124999999999999 0.5015625 0.70625 0.4625 0.7234375 0.44843750000000004 0.7453125 0.446875 0.7625
2 0.453125 0.8625 0.44218749999999996 0.878125 0.4390625 0.90625 0.446875 0.9234374999999999 0.47343749999999996 0.9437500000000001 0.4984375 0.9515625000000001 0.53125 0.95 0.5625 0.9359375000000001 0.5765625 0.921875 0.584375 0.903125 0.58125 0.878125 0.565625 0.8578125000000001 0.5453125 0.8453124999999999 0.5 0.840625 0.46562499999999996 0.8515625 0.453125 0.8625
0 0.0375 0.1421875 0.01875 0.1609375 0.014062499999999999 0.19374999999999998 0.026562500000000003 0.215625 0.048437499999999994 0.23281249999999998 0.1015625 0.24062499999999998 0.128125 0.23281249999999998 0.15625 0.20937499999999998 0.1609375 0.19687500000000002 0.15781250000000002 0.1671875 0.1484375 0.15 0.1234375 0.1359375 0.1 0.1296875 0.065625 0.13125 0.0375 0.1421875
0 0.0015625 0.3578125 0.0015625 0.3984375 0.0171875 0.415625 0.04375 0.4296875 0.09375 0.43437499999999996 0.1234375 0.421875 0.140625 0.40312499999999996 0.15 0.38593750000000004 0.1484375 0.36406249999999996 0.134375 0.33906250000000004 0.12031249999999999 0.3296875 0.05 0.32499999999999996 0.021875 0.3375 0.0015625 0.3578125
0 0.0015625 0.565625 0.0015625 0.6343749999999999 0.026562500000000003 0.6499999999999999 0.09375 0.6499999999999999 0.12187500000000001 0.6343749999999999 0.13125 0.6203125 0.1375 0.6015625 0.134375 0.5828125 0.128125 0.5703125 0.0953125 0.5484375 0.048437499999999994 0.5453125 0.026562500000000003 0.55 0.0015625 0.565625
0 0.014062499999999999 0.6953125 0.00625 0.7109375 0.00625 0.7328125000000001 0.014062499999999999 0.7484375000000001 0.040624999999999994 0.76875 0.0625 0.7749999999999999 0.10468749999999999 0.7734375 0.1265625 0.7671874999999999 0.1484375 0.75 0.15781250000000002 0.7281249999999999 0.15625 0.703125 0.128125 0.6734374999999999 0.0953125 0.6640625 0.065625 0.6640625 0.03125 0.6796875 0.014062499999999999 0.6953125
0 0.0015625 0.859375 0.0015625 0.9203125000000001 0.040624999999999994 0.9421875 0.0703125 0.9453125 0.0921875 0.940625 0.128125 0.91875 0.1375 0.903125 0.1375 0.8765624999999999 0.125 0.85625 0.1 0.840625 0.060937500000000006 0.8343750000000001 0.03125 0.840625 0.0015625 0.859375