2 0.5546875 0.1515625 0.5453125 0.1171875 0.5234375 0.1 0.49687499999999996 0.09062500000000001 0.44062500000000004 0.1 0.4234375 0.1109375 0.4140625 0.128125 0.41093749999999996 0.1484375 0.4234375 0.1765625 0.46406250000000004 0.19687500000000002 0.51875 0.1921875 0.5453125 0.171875 0.5546875 0.1515625
2 0.54375 0.3015625 0.559375 0.2765625 0.5546875 0.24375000000000002 0.5125 0.215625 0.4703125 0.215625 0.44375 0.2234375 0.41874999999999996 0.2515625 0.41718750000000004 0.2734375 0.42500000000000004 0.29375 0.4453125 0.3109375 0.47187500000000004 0.3203125 0.51875 0.31718749999999996 0.54375 0.3015625
2 0.559375 0.45781249999999996 0.5671875 0.44218749999999996 0.56875 0.4234375 0.559375 0.4 0.5328125 0.3828125 0.4859375 0.3765625 0.44218749999999996 0.3921875 0.4234375 0.4078125 0.4234375 0.4359375 0.446875 0.4671875 0.4703125 0.47968750000000004 0.528125 0.47968750000000004 0.559375 0.45781249999999996
2 0.51875 0.6078125 0.54375 0.5875 0.5515625 0.5734375 0.5515625 0.55 0.54375 0.5328125 0.5265625 0.51875 0.5015625 0.509375 0.44999999999999996 0.5125 0.43125 0.5234375 0.4140625 0.54375 0.41093749999999996 0.5703125 0.415625 0.58125 0.42500000000000004 0.5953125 0.4515625 0.6109375 0.48750000000000004 0.6140625 0.51875 0.6078125
2 0.5484375 0.7796875000000001 0.553125 0.7625 0.5515625 0.7453125 0.5375 0.7234375 0.4984375 0.70625 0.4453125 0.7124999999999999 0.4140625 0.7453125 0.4125 0.7640625000000001 0.421875 0.7859375 0.459375 0.8109375000000001 0.5078125 0.809375 0.53125 0.7984374999999999 0.5484375 0.7796875000000001
2 0.5265625 0.9437500000000001 0.553125 0.9234374999999999 0.5609375 0.90625 0.5578125 0.878125 0.546875 0.8625 0.534375 0.8515625 0.5 0.840625 0.4546875 0.8453124999999999 0.43437499999999996 0.8578125000000001 0.41874999999999996 0.878125 0.415625 0.903125 0.4234375 0.921875 0.4375 0.9359375000000001 0.46875 0.95 0.5015625 0.9515625000000001 0.5265625 0.9437500000000001
0 0.9734375 0.215625 0.9859374999999999 0.19374999999999998 0.98125 0.1609375 0.9624999999999999 0.1421875 0.934375 0.13125 0.8999999999999999 0.1296875 0.8765624999999999 0.1359375 0.8515625 0.15 0.8421875000000001 0.1671875 0.8390625 0.19687500000000002 0.84375 0.20937499999999998 0.871875 0.23281249999999998 0.8984375 0.24062499999999998 0.9515625000000001 0.23281249999999998 0.9734375 0.215625
0 0.9828125000000001 0.415625 0.9984375000000001 0.3984375 0.9984375000000001 0.3578125 0.9781249999999999 0.3375 0.95 0.32499999999999996 0.8796875 0.3296875 0.8656250000000001 0.33906250000000004 0.8515625 0.36406249999999996 0.8500000000000001 0.38593750000000004 0.859375 0.40312499999999996 0.8765624999999999 0.421875 0.90625 0.43437499999999996 0.95625 0.4296875 0.9828125000000001 0.415625
0 0.9984375000000001 0.6343749999999999 0.9984375000000001 0.565625 0.9734375 0.55 0.9515625000000001 0.5453125 0.9046875000000001 0.5484375 0.871875 0.5703125 0.8656250000000001 0.5828125 0.8625 0.6015625 0.8687499999999999 0.6203125 0.878125 0.6343749999999999 0.90625 0.6499999999999999 0.9734375 0.6499999999999999 0.9984375000000001 0.6343749999999999
0 0.9593750000000001 0.76875 0.9859374999999999 0.7484375000000001 0.9937499999999999 0.7328125000000001 0.9937499999999999 0.7109375 0.9859374999999999 0.6953125 0.96875 0.6796875 0.934375 0.6640625 0.9046875000000001 0.6640625 0.871875 0.6734374999999999 0.84375 0.703125 0.8421875000000001 0.7281249999999999 0.8515625 0.75 0.8734375000000001 0.7671874999999999 0.8953125 0.7734375 0.9375 0.7749999999999999 0.9593750000000001 0.76875
0 0.9984375000000001 0.9203125000000001 0.9984375000000001 0.859375 0.96875 0.840625 0.9390624999999999 0.8343750000000001 0.8999999999999999 0.840625 0.875 0.85625 0.8625 0.8765624999999999 0.8625 0.903125 0.871875 0.91875 0.9078124999999999 0.940625 0.9296875 0.9453125 0.9593750000000001 0.9421875 0.9984375000000001 0.9203125000000001