2 0.596875 0.13125 0.603125 0.11406250000000001 0.6015625 0.0921875 0.5921875 0.078125 0.5671875 0.0578125 0.540625 0.05 0.4921875 0.056249999999999994 0.47187500000000004 0.0703125 0.459375 0.08906249999999999 0.4609375 0.11875 0.475 0.140625 0.49687499999999996 0.15468749999999998 0.5234375 0.1609375 0.5734375 0.1515625 0.596875 0.13125
2 0.5984375 0.25 0.5984375 0.2296875 0.590625 0.2140625 0.55 0.18906250000000002 0.50625 0.18906250000000002 0.490625 0.1953125 0.46406250000000004 0.215625 0.459375 0.23125 0.4625 0.2609375 0.47968750000000004 0.2796875 0.50625 0.29375 0.559375 0.290625 0.584375 0.2734375 0.5984375 0.25
2 0.5625 0.48124999999999996 0.590625 0.446875 0.58125 0.4140625 0.540625 0.38749999999999996 0.4859375 0.3921875 0.4703125 0.4 0.4515625 0.421875 0.44999999999999996 0.44375 0.45781249999999996 0.46406250000000004 0.478125 0.48124999999999996 0.50625 0.490625 0.5328125 0.490625 0.5625 0.48124999999999996
2 0.565625 0.5828125 0.5609375 0.5484375 0.5375 0.5265625 0.5203125 0.5203125 0.46406250000000004 0.521875 0.4359375 0.540625 0.428125 0.553125 0.43125 0.590625 0.44843750000000004 0.6078125 0.4765625 0.6203125 0.5328125 0.6171875 0.559375 0.5984375 0.565625 0.5828125
2 0.5671875 0.7484375000000001 0.5671875 0.7203124999999999 0.559375 0.70625 0.51875 0.6812499999999999 0.47187500000000004 0.6812499999999999 0.44843750000000004 0.6921875 0.43125 0.7093750000000001 0.428125 0.746875 0.44999999999999996 0.7703125 0.48124999999999996 0.7828124999999999 0.5375 0.778125 0.55 0.7718750000000001 0.5671875 0.7484375000000001
2 0.5359375 0.9015625 0.559375 0.8828125 0.56875 0.8531249999999999 0.55 0.8203125 0.50625 0.8031250000000001 0.4765625 0.8031250000000001 0.4515625 0.8125 0.4359375 0.825 0.42656249999999996 0.84375 0.42656249999999996 0.8703125 0.43437499999999996 0.8812500000000001 0.45781249999999996 0.8999999999999999 0.48124999999999996 0.9078124999999999 0.51875 0.9078124999999999 0.5359375 0.9015625
0 0.15781250000000002 0.09843750000000001 0.15468749999999998 0.0640625 0.128125 0.0421875 0.0921875 0.03125 0.0546875 0.034375 0.034375 0.04375 0.0234375 0.053125000000000006 0.021875 0.06875 0.0234375 0.1171875 0.059375 0.1390625 0.09062500000000001 0.1421875 0.115625 0.1375 0.14375 0.12187500000000001 0.15781250000000002 0.09843750000000001
0 0.1328125 0.30625 0.15781250000000002 0.2890625 0.16875 0.26875 0.17031249999999998 0.253125 0.159375 0.22812500000000002 0.11406250000000001 0.203125 0.0796875 0.2 0.0546875 0.20625 0.0328125 0.21875 0.0171875 0.2421875 0.015625 0.2578125 0.0234375 0.278125 0.040624999999999994 0.2953125 0.071875 0.3109375 0.11406250000000001 0.3125 0.1328125 0.30625
0 0.1359375 0.35624999999999996 0.10625000000000001 0.3296875 0.06875 0.321875 0.0328125 0.32499999999999996 0.0171875 0.33281249999999996 0.0078125 0.34843749999999996 0.0078125 0.41093749999999996 0.028124999999999997 0.4234375 0.0859375 0.43125 0.12187500000000001 0.415625 0.1390625 0.3921875 0.1359375 0.35624999999999996
0 0 0.6234375000000001 0.0359375 0.6484375 0.0578125 0.653125 0.09843750000000001 0.6499999999999999 0.12187500000000001 0.6390625000000001 0.140625 0.6156250000000001 0.140625 0.5828125 0.13125 0.56875 0.1 0.546875 0.04375 0.54375 0.009375 0.5609375 0 0.5703125 0 0.6234375000000001
0 0 0.8109375000000001 0.014062499999999999 0.828125 0.0390625 0.8421875000000001 0.10468749999999999 0.8421875000000001 0.1234375 0.8328125 0.140625 0.809375 0.1359375 0.7703125 0.1171875 0.7515624999999999 0.09062500000000001 0.7390625 0.04375 0.7390625 0.0046875 0.765625 0 0.7718750000000001 0 0.8109375000000001