2 0.921875 0.4078125 0.9078124999999999 0.3984375 0.8859375 0.396875 0.8687499999999999 0.40312499999999996 0.8484375 0.42656249999999996 0.8390625 0.4765625 0.8453124999999999 0.503125 0.859375 0.525 0.8812500000000001 0.5390625 0.9109375 0.540625 0.9296875 0.528125 0.9437500000000001 0.5078125 0.95 0.459375 0.9421875 0.43281250000000004 0.921875 0.4078125
2 0.7859375 0.40937500000000004 0.7703125 0.40156250000000004 0.75 0.40156250000000004 0.7265625 0.415625 0.7093750000000001 0.44062500000000004 0.70625 0.49375 0.7203124999999999 0.5203125 0.7390625 0.5375 0.76875 0.540625 0.784375 0.5359375 0.8046875 0.509375 0.8109375000000001 0.49375 0.8109375000000001 0.44999999999999996 0.7859375 0.40937500000000004
2 0.553125 0.40937500000000004 0.51875 0.4375 0.509375 0.4671875 0.509375 0.49375 0.51875 0.521875 0.5359375 0.5421875 0.55625 0.55 0.578125 0.5484375 0.6 0.5296875 0.6078125 0.5140625 0.6125 0.459375 0.5859375 0.41874999999999996 0.553125 0.40937500000000004
2 0.4515625 0.4390625 0.41718750000000004 0.43437499999999996 0.40156250000000004 0.44062500000000004 0.3828125 0.4671875 0.37968749999999996 0.5234375 0.3921875 0.5515625 0.40937500000000004 0.56875 0.446875 0.571875 0.459375 0.5640625 0.478125 0.5359375 0.47968750000000004 0.47968750000000004 0.47343749999999996 0.4625 0.4515625 0.4390625
2 0.2796875 0.43281250000000004 0.2515625 0.43281250000000004 0.22812500000000002 0.44999999999999996 0.221875 0.4625 0.21718749999999998 0.51875 0.2296875 0.55 0.253125 0.571875 0.290625 0.56875 0.30781250000000004 0.5515625 0.31875 0.528125 0.31875 0.48124999999999996 0.29375 0.44062500000000004 0.2796875 0.43281250000000004
2 0.1796875 0.44999999999999996 0.146875 0.43125 0.1171875 0.44062500000000004 0.09843750000000001 0.46406250000000004 0.0921875 0.48124999999999996 0.0921875 0.51875 0.1 0.5421875 0.11875 0.565625 0.1296875 0.5734375 0.15625 0.5734375 0.175 0.5640625 0.1875 0.5484375 0.19687500000000002 0.5234375 0.19687500000000002 0.49375 0.1796875 0.44999999999999996
0 0.9578125 0.871875 0.9359375000000001 0.8453124999999999 0.9015625 0.8421875000000001 0.878125 0.85625 0.8625 0.8843749999999999 0.8578125000000001 0.909375 0.8609374999999999 0.940625 0.8828125 0.9765625 0.9312499999999999 0.9781249999999999 0.9468749999999999 0.9765625 0.95625 0.965625 0.965625 0.9453125 0.96875 0.9078124999999999 0.9578125 0.871875
0 0.7718750000000001 0.840625 0.746875 0.8296874999999999 0.73125 0.83125 0.7109375 0.8421875000000001 0.6937500000000001 0.8671875 0.6875 0.8859375 0.6890624999999999 0.9281250000000001 0.7046874999999999 0.9593750000000001 0.721875 0.9765625 0.7421875 0.984375 0.7578125 0.9828125000000001 0.78125 0.9671875000000001 0.79375 0.9453125 0.8 0.9203125000000001 0.796875 0.8859375 0.7718750000000001 0.840625
0 0.64375 0.8640625 0.6078125 0.8609374999999999 0.584375 0.878125 0.56875 0.9140625 0.5765625 0.971875 0.5890625 0.9921875 0.6515625 0.9921875 0.6671875 0.9828125000000001 0.675 0.9671875000000001 0.6781250000000001 0.9312499999999999 0.6703125000000001 0.89375 0.64375 0.8640625
0 0.4296875 1 0.4390625 0.9906250000000001 0.45625000000000004 0.95625 0.453125 0.8999999999999999 0.43125 0.8687499999999999 0.41718750000000004 0.859375 0.384375 0.859375 0.3609375 0.878125 0.35 0.9015625 0.34687500000000004 0.9421875 0.3515625 0.9640625 0.3765625 1 0.4296875 1
0 0.22812500000000002 1 0.234375 0.9953125 0.2609375 0.95625 0.2609375 0.909375 0.24843749999999998 0.8828125 0.2296875 0.8640625 0.190625 0.859375 0.1671875 0.8765624999999999 0.15781250000000002 0.8953125 0.15781250000000002 0.9609375 0.171875 0.9859374999999999 0.18906250000000002 1 0.22812500000000002 1