2 0.8828125 0.4546875 0.8484375 0.4453125 0.828125 0.4546875 0.8078125 0.48124999999999996 0.8031250000000001 0.5359375 0.8234375 0.5765625 0.8515625 0.5890625 0.871875 0.5859375 0.8890625000000001 0.5765625 0.8999999999999999 0.559375 0.909375 0.503125 0.8999999999999999 0.4765625 0.8828125 0.4546875
2 0.7234375 0.44062500000000004 0.6984375 0.45625000000000004 0.6828125 0.48124999999999996 0.6796875 0.528125 0.6890624999999999 0.5546875 0.70625 0.575 0.7265625 0.5828125 0.7484375000000001 0.58125 0.7765625 0.55625 0.784375 0.5296875 0.784375 0.48750000000000004 0.7562500000000001 0.4453125 0.7234375 0.44062500000000004
2 0.5578125 0.43281250000000004 0.5421875 0.44062500000000004 0.5203125 0.47187500000000004 0.5203125 0.5296875 0.5328125 0.553125 0.5640625 0.5765625 0.5921875 0.5765625 0.6078125 0.5578125 0.6234375000000001 0.5140625 0.6171875 0.4671875 0.6 0.44062500000000004 0.5765625 0.43125 0.5578125 0.43281250000000004
2 0.4671875 0.45625000000000004 0.44999999999999996 0.44843750000000004 0.42656249999999996 0.44843750000000004 0.4125 0.45625000000000004 0.3921875 0.48124999999999996 0.38593750000000004 0.5125 0.3890625 0.5484375 0.4046875 0.575 0.41874999999999996 0.584375 0.4296875 0.5890625 0.45625000000000004 0.5859375 0.4765625 0.56875 0.48750000000000004 0.55 0.490625 0.4984375 0.48124999999999996 0.47343749999999996 0.4671875 0.45625000000000004
2 0.2375 0.446875 0.22031250000000002 0.4515625 0.20156249999999998 0.46875 0.190625 0.4921875 0.18906250000000002 0.540625 0.2140625 0.578125 0.23593750000000002 0.5875 0.2546875 0.5859375 0.2875 0.5546875 0.29375 0.5015625 0.2765625 0.4625 0.2546875 0.44843750000000004 0.2375 0.446875
2 0.1375 0.453125 0.12187500000000001 0.44218749999999996 0.09375 0.4390625 0.0765625 0.446875 0.056249999999999994 0.47343749999999996 0.048437499999999994 0.4984375 0.05 0.53125 0.0640625 0.5625 0.078125 0.5765625 0.09687499999999999 0.584375 0.12187500000000001 0.58125 0.1421875 0.565625 0.15468749999999998 0.5453125 0.159375 0.5 0.1484375 0.46562499999999996 0.1375 0.453125
0 0.8578125000000001 0.0375 0.8390625 0.01875 0.8062499999999999 0.014062499999999999 0.784375 0.026562500000000003 0.7671874999999999 0.048437499999999994 0.7593749999999999 0.1015625 0.7671874999999999 0.128125 0.7906249999999999 0.15625 0.8031250000000001 0.1609375 0.8328125 0.15781250000000002 0.8500000000000001 0.1484375 0.8640625 0.1234375 0.8703125 0.1 0.8687499999999999 0.065625 0.8578125000000001 0.0375
0 0.6421874999999999 0.0015625 0.6015625 0.0015625 0.584375 0.0171875 0.5703125 0.04375 0.565625 0.09375 0.578125 0.1234375 0.596875 0.140625 0.6140625 0.15 0.6359375 0.1484375 0.6609375 0.134375 0.6703125000000001 0.12031249999999999 0.675 0.05 0.6625000000000001 0.021875 0.6421874999999999 0.0015625
0 0.43437499999999996 0.0015625 0.365625 0.0015625 0.35 0.026562500000000003 0.35 0.09375 0.365625 0.12187500000000001 0.37968749999999996 0.13125 0.3984375 0.1375 0.41718750000000004 0.134375 0.4296875 0.128125 0.4515625 0.0953125 0.4546875 0.048437499999999994 0.44999999999999996 0.026562500000000003 0.43437499999999996 0.0015625
0 0.3046875 0.014062499999999999 0.2890625 0.00625 0.2671875 0.00625 0.2515625 0.014062499999999999 0.23125 0.040624999999999994 0.22499999999999998 0.0625 0.2265625 0.10468749999999999 0.23281249999999998 0.1265625 0.25 0.1484375 0.271875 0.15781250000000002 0.296875 0.15625 0.3265625 0.128125 0.3359375 0.0953125 0.3359375 0.065625 0.3203125 0.03125 0.3046875 0.014062499999999999
0 0.140625 0.0015625 0.0796875 0.0015625 0.0578125 0.040624999999999994 0.0546875 0.0703125 0.059375 0.0921875 0.08124999999999999 0.128125 0.09687499999999999 0.1375 0.1234375 0.1375 0.14375 0.125 0.159375 0.1 0.16562500000000002 0.060937500000000006 0.159375 0.03125 0.140625 0.0015625