2 0.43125 0.8421875000000001 0.40937500000000004 0.84375 0.3890625 0.8609374999999999 0.3921875 0.8843749999999999 0.4125 0.89375 0.44218749999999996 0.8875 0.45625000000000004 0.8687499999999999 0.4515625 0.8546875 0.43125 0.8421875000000001
2 0.34843749999999996 0.79375 0.3296875 0.7953125000000001 0.30937499999999996 0.8109375000000001 0.30625 0.83125 0.321875 0.8453124999999999 0.35624999999999996 0.84375 0.375 0.825 0.37187499999999996 0.8062499999999999 0.34843749999999996 0.79375
2 0.259375 0.7390625 0.234375 0.7390625 0.21718749999999998 0.7515624999999999 0.21250000000000002 0.7734375 0.23281249999999998 0.7890625 0.2578125 0.7875000000000001 0.2796875 0.7671874999999999 0.2765625 0.7515624999999999 0.259375 0.7390625
2 0.15468749999999998 0.6812499999999999 0.1265625 0.684375 0.11249999999999999 0.6984375 0.1109375 0.7203124999999999 0.134375 0.7328125000000001 0.16562500000000002 0.7250000000000001 0.1796875 0.7015625000000001 0.17343750000000002 0.690625 0.15468749999999998 0.6812499999999999
2 0.059375 0.6296875 0.0359375 0.6375 0.025 0.6499999999999999 0.025 0.66875 0.05 0.6812499999999999 0.0796875 0.675 0.0921875 0.6578124999999999 0.08281250000000001 0.6375 0.059375 0.6296875
2 0.146875 0.5859375 0.1296875 0.575 0.1015625 0.5765625 0.08124999999999999 0.59375 0.08124999999999999 0.6109375 0.0875 0.6187499999999999 0.109375 0.6265624999999999 0.134375 0.621875 0.15 0.6046875 0.146875 0.5859375
0 0.24843749999999998 0.4859375 0.2234375 0.48906249999999996 0.20468750000000002 0.5078125 0.20937499999999998 0.53125 0.23125 0.540625 0.265625 0.53125 0.2765625 0.5125 0.2640625 0.4921875 0.24843749999999998 0.4859375
0 0.3421875 0.54375 0.321875 0.5453125 0.2984375 0.5640625 0.3 0.5859375 0.32499999999999996 0.5984375 0.35624999999999996 0.590625 0.37031250000000004 0.5703125 0.3609375 0.5515625 0.3421875 0.54375
0 0.42500000000000004 0.5953125 0.40312499999999996 0.596875 0.37968749999999996 0.6156250000000001 0.384375 0.6375 0.4078125 0.6499999999999999 0.43437499999999996 0.64375 0.44999999999999996 0.628125 0.44843750000000004 0.609375 0.42500000000000004 0.5953125
0 0.5078125 0.6453125 0.48750000000000004 0.6453125 0.4609375 0.6656249999999999 0.4625 0.6859375000000001 0.48750000000000004 0.7 0.515625 0.6937500000000001 0.5328125 0.6734374999999999 0.53125 0.6609375 0.5078125 0.6453125
0 0.58125 0.690625 0.5578125 0.6921875 0.5390625 0.7078125 0.5359375 0.7250000000000001 0.55625 0.7437499999999999 0.58125 0.7437499999999999 0.6078125 0.7234375 0.6046875 0.703125 0.58125 0.690625
0 0.30625 0.4234375 0.278125 0.42500000000000004 0.259375 0.44062500000000004 0.2609375 0.4625 0.28125 0.475 0.30781250000000004 0.47343749999999996 0.328125 0.45625000000000004 0.32499999999999996 0.4359375 0.30625 0.4234375
3 0.36406249999999996 0.375 0.34687500000000004 0.3765625 0.3265625 0.39375000000000004 0.33125000000000004 0.415625 0.3453125 0.4234375 0.3765625 0.41874999999999996 0.390625 0.3984375 0.384375 0.384375 0.36406249999999996 0.375
3 0.446875 0.4203125 0.42656249999999996 0.4203125 0.4046875 0.43437499999999996 0.40312499999999996 0.453125 0.42656249999999996 0.4671875 0.453125 0.4625 0.4671875 0.44375 0.46406250000000004 0.43281250000000004 0.446875 0.4203125
3 0.515625 0.4671875 0.4921875 0.4703125 0.475 0.4859375 0.478125 0.5046875 0.5 0.515625 0.5265625 0.509375 0.5375 0.49531250000000004 0.534375 0.478125 0.515625 0.4671875
3 0.590625 0.5140625 0.56875 0.515625 0.55 0.5296875 0.55 0.546875 0.571875 0.5609375 0.5921875 0.559375 0.6125 0.540625 0.609375 0.525 0.590625 0.5140625
3 0.6656249999999999 0.5625 0.6390625000000001 0.565625 0.625 0.58125 0.625 0.5953125 0.6453125 0.609375 0.6656249999999999 0.609375 0.6890624999999999 0.5875 0.6859375000000001 0.5734375 0.6656249999999999 0.5625
3 0.7265625 0.5109375 0.7046874999999999 0.5125 0.6875 0.525 0.6875 0.5484375 0.7109375 0.559375 0.734375 0.5546875 0.75 0.5359375 0.7453125 0.5203125 0.7265625 0.5109375
3 0.6421874999999999 0.45781249999999996 0.6203125 0.459375 0.603125 0.47343749999999996 0.6046875 0.49375 0.625 0.5046875 0.6453125 0.503125 0.6640625 0.4859375 0.6625000000000001 0.4703125 0.6421874999999999 0.45781249999999996
3 0.5625 0.4078125 0.540625 0.40937500000000004 0.521875 0.42500000000000004 0.525 0.4453125 0.5421875 0.4546875 0.5671875 0.453125 0.584375 0.43437499999999996 0.58125 0.41874999999999996 0.5625 0.4078125
3 0.46562499999999996 0.35 0.4515625 0.3515625 0.43125 0.3671875 0.43125 0.38593750000000004 0.4515625 0.3984375 0.478125 0.39531249999999996 0.49375 0.3765625 0.4828125 0.35624999999999996 0.46562499999999996 0.35
1 0.5078125 0.24375000000000002 0.4859375 0.24375000000000002 0.47187500000000004 0.2546875 0.4703125 0.2734375 0.484375 0.2828125 0.5078125 0.28125 0.521875 0.265625 0.51875 0.2515625 0.5078125 0.24375000000000002
1 0.559375 0.2828125 0.540625 0.284375 0.5265625 0.2953125 0.525 0.3140625 0.5390625 0.32343750000000004 0.5640625 0.321875 0.578125 0.30625 0.5734375 0.290625 0.559375 0.2828125
1 0.6312500000000001 0.32343750000000004 0.6125 0.32499999999999996 0.5984375 0.3375 0.6015625 0.35624999999999996 0.6171875 0.36406249999999996 0.6375 0.3609375 0.6499999999999999 0.34687500000000004 0.6468750000000001 0.33281249999999996 0.6312500000000001 0.32343750000000004
1 0.6890624999999999 0.3609375 0.671875 0.36250000000000004 0.65625 0.3765625 0.6578124999999999 0.3921875 0.6796875 0.40156250000000004 0.6984375 0.396875 0.7093750000000001 0.37968749999999996 0.7015625000000001 0.365625 0.6890624999999999 0.3609375
1 0.765625 0.4 0.746875 0.4 0.73125 0.41093749999999996 0.7281249999999999 0.42656249999999996 0.7453125 0.4390625 0.7703125 0.4359375 0.7828124999999999 0.4203125 0.78125 0.41093749999999996 0.765625 0.4
1 0.8171875 0.428125 0.8015625 0.4296875 0.7875000000000001 0.44218749999999996 0.7875000000000001 0.45625000000000004 0.8015625 0.4671875 0.825 0.46562499999999996 0.8390625 0.4515625 0.8374999999999999 0.4390625 0.8171875 0.428125
1 0.8703125 0.45781249999999996 0.8531249999999999 0.45625000000000004 0.8343750000000001 0.46562499999999996 0.8328125 0.4859375 0.8515625 0.49687499999999996 0.8734375000000001 0.4921875 0.8843749999999999 0.47968750000000004 0.8843749999999999 0.4703125 0.8703125 0.45781249999999996
1 0.584375 0.153125 0.5640625 0.15468749999999998 0.55 0.1671875 0.55 0.184375 0.56875 0.19374999999999998 0.590625 0.190625 0.6015625 0.1765625 0.596875 0.159375 0.584375 0.153125
1 0.6468750000000001 0.18906250000000002 0.6234375000000001 0.190625 0.6109375 0.20156249999999998 0.6109375 0.21875 0.621875 0.22812500000000002 0.6468750000000001 0.2265625 0.6609375 0.2140625 0.659375 0.19687500000000002 0.6468750000000001 0.18906250000000002
1 0.70625 0.221875 0.6875 0.2234375 0.671875 0.2390625 0.671875 0.2515625 0.6937500000000001 0.2625 0.7124999999999999 0.259375 0.7234375 0.246875 0.7234375 0.23281249999999998 0.70625 0.221875
1 0.7875000000000001 0.271875 0.7765625 0.271875 0.7578125 0.284375 0.7546875 0.2984375 0.7765625 0.3125 0.7984374999999999 0.30781250000000004 0.809375 0.2921875 0.8015625 0.2765625 0.7875000000000001 0.271875
1 0.85625 0.30781250000000004 0.8359375 0.30781250000000004 0.8187500000000001 0.321875 0.8218749999999999 0.3375 0.8374999999999999 0.34687500000000004 0.8531249999999999 0.34687500000000004 0.871875 0.3296875 0.8703125 0.31875 0.85625 0.30781250000000004
1 0.9328125 0.353125 0.9078124999999999 0.35624999999999996 0.8968750000000001 0.365625 0.8953125 0.3765625 0.909375 0.3921875 0.9312499999999999 0.3921875 0.9484375 0.37812500000000004 0.9484375 0.36406249999999996 0.9328125 0.353125