2 0.8609374999999999 0.6109375 0.8843749999999999 0.6078125 0.89375 0.5875 0.8875 0.5578125 0.8687499999999999 0.54375 0.8546875 0.5484375 0.8421875000000001 0.56875 0.84375 0.590625 0.8609374999999999 0.6109375
2 0.8109375000000001 0.690625 0.83125 0.6937500000000001 0.8453124999999999 0.6781250000000001 0.84375 0.64375 0.825 0.625 0.8062499999999999 0.628125 0.79375 0.6515625 0.7953125000000001 0.6703125000000001 0.8109375000000001 0.690625
2 0.7515624999999999 0.7828124999999999 0.7734375 0.7875000000000001 0.7890625 0.7671874999999999 0.7875000000000001 0.7421875 0.7671874999999999 0.7203124999999999 0.7515624999999999 0.7234375 0.7390625 0.7406250000000001 0.7390625 0.765625 0.7515624999999999 0.7828124999999999
2 0.6984375 0.8875 0.7203124999999999 0.8890625000000001 0.7328125000000001 0.8656250000000001 0.7250000000000001 0.8343750000000001 0.7015625000000001 0.8203125 0.690625 0.8265625000000001 0.6812499999999999 0.8453124999999999 0.684375 0.8734375000000001 0.6984375 0.8875
2 0.6499999999999999 0.9750000000000001 0.66875 0.9750000000000001 0.6812499999999999 0.95 0.675 0.9203125000000001 0.6578124999999999 0.9078124999999999 0.6375 0.9171875 0.6296875 0.940625 0.6375 0.9640625 0.6499999999999999 0.9750000000000001
2 0.575 0.8703125 0.5765625 0.8984375 0.59375 0.91875 0.6109375 0.91875 0.6187499999999999 0.9125000000000001 0.6265624999999999 0.890625 0.621875 0.8656250000000001 0.6046875 0.8500000000000001 0.5859375 0.8531249999999999 0.575 0.8703125
0 0.5078125 0.7953125000000001 0.53125 0.7906249999999999 0.540625 0.76875 0.53125 0.734375 0.5125 0.7234375 0.4921875 0.7359374999999999 0.4859375 0.7515624999999999 0.48906249999999996 0.7765625 0.5078125 0.7953125000000001
0 0.5640625 0.7015625000000001 0.5859375 0.7 0.5984375 0.675 0.590625 0.64375 0.5703125 0.6296875 0.5515625 0.6390625000000001 0.54375 0.6578124999999999 0.5453125 0.6781250000000001 0.5640625 0.7015625000000001
0 0.6156250000000001 0.6203125 0.6375 0.6156250000000001 0.6499999999999999 0.5921875 0.64375 0.565625 0.628125 0.55 0.609375 0.5515625 0.5953125 0.575 0.596875 0.596875 0.6156250000000001 0.6203125
0 0.6656249999999999 0.5390625 0.6859375000000001 0.5375 0.7 0.5125 0.6937500000000001 0.484375 0.6734374999999999 0.4671875 0.6609375 0.46875 0.6453125 0.4921875 0.6453125 0.5125 0.6656249999999999 0.5390625
0 0.7078125 0.4609375 0.7250000000000001 0.46406250000000004 0.7437499999999999 0.44375 0.7437499999999999 0.41874999999999996 0.7234375 0.3921875 0.703125 0.39531249999999996 0.690625 0.41874999999999996 0.6921875 0.44218749999999996 0.7078125 0.4609375
0 0.44062500000000004 0.7406250000000001 0.4625 0.7390625 0.475 0.71875 0.47343749999999996 0.6921875 0.45625000000000004 0.671875 0.4359375 0.675 0.4234375 0.6937500000000001 0.42500000000000004 0.721875 0.44062500000000004 0.7406250000000001
3 0.39375000000000004 0.6734374999999999 0.415625 0.66875 0.4234375 0.6546875000000001 0.41874999999999996 0.6234375000000001 0.3984375 0.609375 0.384375 0.6156250000000001 0.375 0.6359375 0.3765625 0.653125 0.39375000000000004 0.6734374999999999
3 0.43437499999999996 0.5953125 0.453125 0.596875 0.4671875 0.5734375 0.4625 0.546875 0.44375 0.5328125 0.43281250000000004 0.5359375 0.4203125 0.553125 0.4203125 0.5734375 0.43437499999999996 0.5953125
3 0.4859375 0.525 0.5046875 0.521875 0.515625 0.5 0.509375 0.47343749999999996 0.49531250000000004 0.4625 0.478125 0.46562499999999996 0.4671875 0.484375 0.4703125 0.5078125 0.4859375 0.525
3 0.5296875 0.44999999999999996 0.546875 0.44999999999999996 0.5609375 0.428125 0.559375 0.4078125 0.540625 0.38749999999999996 0.525 0.390625 0.5140625 0.40937500000000004 0.515625 0.43125 0.5296875 0.44999999999999996
3 0.58125 0.375 0.5953125 0.375 0.609375 0.35468750000000004 0.609375 0.334375 0.5875 0.3109375 0.5734375 0.3140625 0.5625 0.334375 0.565625 0.3609375 0.58125 0.375
3 0.525 0.3125 0.5484375 0.3125 0.559375 0.2890625 0.5546875 0.265625 0.5359375 0.25 0.5203125 0.2546875 0.5109375 0.2734375 0.5125 0.2953125 0.525 0.3125
3 0.47343749999999996 0.396875 0.49375 0.39531249999999996 0.5046875 0.375 0.503125 0.35468750000000004 0.4859375 0.3359375 0.4703125 0.3375 0.45781249999999996 0.3578125 0.459375 0.37968749999999996 0.47343749999999996 0.396875
3 0.42500000000000004 0.478125 0.4453125 0.475 0.4546875 0.45781249999999996 0.453125 0.43281250000000004 0.43437499999999996 0.415625 0.41874999999999996 0.41874999999999996 0.4078125 0.4375 0.40937500000000004 0.459375 0.42500000000000004 0.478125
3 0.3671875 0.56875 0.38593750000000004 0.56875 0.3984375 0.5484375 0.39531249999999996 0.521875 0.3765625 0.50625 0.35624999999999996 0.5171875 0.35 0.534375 0.3515625 0.5484375 0.3671875 0.56875
1 0.2546875 0.528125 0.2734375 0.5296875 0.2828125 0.515625 0.28125 0.4921875 0.265625 0.478125 0.2515625 0.48124999999999996 0.24375000000000002 0.4921875 0.24375000000000002 0.5140625 0.2546875 0.528125
1 0.2953125 0.47343749999999996 0.3140625 0.475 0.32343750000000004 0.4609375 0.321875 0.4359375 0.30625 0.421875 0.290625 0.42656249999999996 0.2828125 0.44062500000000004 0.284375 0.459375 0.2953125 0.47343749999999996
1 0.3375 0.40156250000000004 0.35624999999999996 0.3984375 0.36406249999999996 0.3828125 0.3609375 0.36250000000000004 0.34687500000000004 0.35 0.33281249999999996 0.353125 0.32343750000000004 0.36875 0.32499999999999996 0.38749999999999996 0.3375 0.40156250000000004
1 0.3765625 0.34375 0.3921875 0.3421875 0.40156250000000004 0.3203125 0.396875 0.3015625 0.37968749999999996 0.290625 0.365625 0.2984375 0.3609375 0.3109375 0.36250000000000004 0.328125 0.3765625 0.34375
1 0.41093749999999996 0.26875 0.42656249999999996 0.271875 0.4390625 0.2546875 0.4359375 0.2296875 0.4203125 0.21718749999999998 0.41093749999999996 0.21875 0.4 0.234375 0.4 0.253125 0.41093749999999996 0.26875
1 0.44218749999999996 0.21250000000000002 0.45625000000000004 0.21250000000000002 0.4671875 0.1984375 0.46562499999999996 0.175 0.4515625 0.1609375 0.4390625 0.16249999999999998 0.428125 0.1828125 0.4296875 0.1984375 0.44218749999999996 0.21250000000000002
1 0.46562499999999996 0.16562500000000002 0.4859375 0.1671875 0.49687499999999996 0.1484375 0.4921875 0.1265625 0.47968750000000004 0.115625 0.4703125 0.115625 0.45781249999999996 0.1296875 0.45625000000000004 0.146875 0.46562499999999996 0.16562500000000002
1 0.1671875 0.44999999999999996 0.184375 0.44999999999999996 0.19374999999999998 0.43125 0.190625 0.40937500000000004 0.1765625 0.3984375 0.159375 0.40312499999999996 0.153125 0.415625 0.15468749999999998 0.4359375 0.1671875 0.44999999999999996
1 0.20156249999999998 0.3890625 0.21875 0.3890625 0.22812500000000002 0.37812500000000004 0.2265625 0.353125 0.2140625 0.33906250000000004 0.19687500000000002 0.34062499999999996 0.18906250000000002 0.353125 0.190625 0.3765625 0.20156249999999998 0.3890625
1 0.2390625 0.328125 0.2515625 0.328125 0.2625 0.30625 0.259375 0.2875 0.246875 0.2765625 0.23281249999999998 0.2765625 0.221875 0.29375 0.2234375 0.3125 0.2390625 0.328125
1 0.284375 0.2421875 0.2984375 0.2453125 0.3125 0.2234375 0.30781250000000004 0.20156249999999998 0.2921875 0.190625 0.2765625 0.1984375 0.271875 0.21250000000000002 0.271875 0.2234375 0.284375 0.2421875
1 0.321875 0.18125000000000002 0.3375 0.17812499999999998 0.34687500000000004 0.16249999999999998 0.34687500000000004 0.146875 0.3296875 0.128125 0.31875 0.1296875 0.30781250000000004 0.14375 0.30781250000000004 0.1640625 0.321875 0.18125000000000002
1 0.365625 0.103125 0.3765625 0.10468749999999999 0.3921875 0.09062500000000001 0.3921875 0.06875 0.37812500000000004 0.0515625 0.36406249999999996 0.0515625 0.353125 0.0671875 0.35624999999999996 0.0921875 0.365625 0.103125