2 0.6546875000000001 0.134375 0.6328125 0.13125 0.6140625 0.1421875 0.6171875 0.1640625 0.6343749999999999 0.1765625 0.6546875000000001 0.1765625 0.6734374999999999 0.1640625 0.6734374999999999 0.146875 0.6546875000000001 0.134375
2 0.7265625 0.18906250000000002 0.7078125 0.18906250000000002 0.6859375000000001 0.20156249999999998 0.684375 0.221875 0.70625 0.2390625 0.7375 0.23593750000000002 0.7515624999999999 0.215625 0.746875 0.2 0.7265625 0.18906250000000002
2 0.809375 0.2625 0.7906249999999999 0.2625 0.76875 0.275 0.76875 0.2984375 0.7906249999999999 0.3140625 0.809375 0.3140625 0.8328125 0.2953125 0.83125 0.278125 0.809375 0.2625
2 0.9203125000000001 0.353125 0.9046875000000001 0.34062499999999996 0.8703125 0.34062499999999996 0.85625 0.3515625 0.8546875 0.3734375 0.871875 0.38749999999999996 0.8953125 0.390625 0.9109375 0.384375 0.9234374999999999 0.37031250000000004 0.9203125000000001 0.353125
2 0.9671875000000001 0.4046875 0.9515625000000001 0.40625 0.9312499999999999 0.41874999999999996 0.9328125 0.4390625 0.9515625000000001 0.4546875 0.9781249999999999 0.453125 0.9984375000000001 0.43437499999999996 0.9859374999999999 0.41093749999999996 0.9671875000000001 0.4046875
2 0.9078124999999999 0.44999999999999996 0.8796875 0.44999999999999996 0.8640625 0.4625 0.8656250000000001 0.484375 0.8843749999999999 0.4984375 0.909375 0.4984375 0.9296875 0.48124999999999996 0.9265625 0.4625 0.9078124999999999 0.44999999999999996
0 0.7703125 0.509375 0.7437499999999999 0.509375 0.721875 0.525 0.7234375 0.54375 0.746875 0.5625 0.7718750000000001 0.5609375 0.7921875 0.54375 0.7906249999999999 0.5265625 0.7703125 0.509375
0 0.6859375000000001 0.43437499999999996 0.65625 0.4375 0.640625 0.4515625 0.640625 0.46875 0.6671875 0.48750000000000004 0.6937500000000001 0.484375 0.7124999999999999 0.4671875 0.7078125 0.446875 0.6859375000000001 0.43437499999999996
0 0.6171875 0.37031250000000004 0.590625 0.37031250000000004 0.571875 0.384375 0.571875 0.40312499999999996 0.5984375 0.421875 0.6203125 0.4203125 0.6421874999999999 0.40156250000000004 0.6359375 0.37968749999999996 0.6171875 0.37031250000000004
0 0.546875 0.3046875 0.5171875 0.30625 0.5 0.321875 0.503125 0.3421875 0.5296875 0.3578125 0.553125 0.35468750000000004 0.571875 0.3375 0.565625 0.31562500000000004 0.546875 0.3046875
0 0.484375 0.246875 0.4546875 0.246875 0.43437499999999996 0.2625 0.4359375 0.28125 0.46406250000000004 0.2984375 0.48906249999999996 0.2953125 0.50625 0.278125 0.5015625 0.259375 0.484375 0.246875
0 0.70625 0.5640625 0.6796875 0.5625 0.6578124999999999 0.578125 0.6609375 0.6 0.6812499999999999 0.6140625 0.70625 0.6140625 0.7281249999999999 0.596875 0.7250000000000001 0.578125 0.70625 0.5640625
3 0.628125 0.6015625 0.60625 0.6015625 0.5890625 0.6140625 0.590625 0.6343749999999999 0.6109375 0.6484375 0.6296875 0.6484375 0.6499999999999999 0.6328125 0.6468750000000001 0.6125 0.628125 0.6015625
3 0.559375 0.5421875 0.5390625 0.54375 0.521875 0.55625 0.5265625 0.5796875 0.546875 0.590625 0.571875 0.5859375 0.5859375 0.56875 0.5828125 0.55625 0.559375 0.5421875
3 0.49687499999999996 0.48124999999999996 0.478125 0.4828125 0.4625 0.49375 0.4609375 0.5140625 0.48124999999999996 0.5296875 0.5 0.5296875 0.5234375 0.5125 0.5203125 0.49375 0.49687499999999996 0.48124999999999996
3 0.521875 0.6046875 0.4984375 0.60625 0.48124999999999996 0.621875 0.48750000000000004 0.6421874999999999 0.5078125 0.653125 0.5328125 0.6484375 0.5453125 0.6328125 0.5421875 0.621875 0.521875 0.6046875
3 0.44375 0.534375 0.41874999999999996 0.534375 0.40312499999999996 0.546875 0.40312499999999996 0.5625 0.42656249999999996 0.5796875 0.44843750000000004 0.578125 0.46406250000000004 0.5640625 0.4625 0.54375 0.44375 0.534375
3 0.36406249999999996 0.4671875 0.334375 0.48124999999999996 0.3359375 0.5015625 0.3578125 0.515625 0.384375 0.5109375 0.396875 0.49531250000000004 0.3921875 0.478125 0.36406249999999996 0.4671875
3 0.43437499999999996 0.4234375 0.41093749999999996 0.42500000000000004 0.39531249999999996 0.4375 0.39531249999999996 0.4515625 0.4140625 0.46875 0.44062500000000004 0.46875 0.459375 0.453125 0.4546875 0.43437499999999996 0.43437499999999996 0.4234375
3 0.37812500000000004 0.36406249999999996 0.353125 0.3609375 0.33281249999999996 0.37187499999999996 0.33281249999999996 0.39531249999999996 0.3515625 0.4078125 0.37812500000000004 0.40625 0.39375000000000004 0.3921875 0.3921875 0.375 0.37812500000000004 0.36406249999999996
3 0.3015625 0.4 0.2796875 0.4 0.2609375 0.4140625 0.2625 0.43281250000000004 0.2859375 0.446875 0.3140625 0.44218749999999996 0.32499999999999996 0.42656249999999996 0.32343750000000004 0.415625 0.3015625 0.4
1 0.1671875 0.44218749999999996 0.15468749999999998 0.43437499999999996 0.134375 0.43437499999999996 0.11875 0.44375 0.115625 0.453125 0.12187500000000001 0.46562499999999996 0.1390625 0.47343749999999996 0.1640625 0.46875 0.171875 0.4546875 0.1671875 0.44218749999999996
1 0.1921875 0.47187500000000004 0.16875 0.47187500000000004 0.15625 0.48124999999999996 0.159375 0.5 0.1765625 0.509375 0.1921875 0.509375 0.20937499999999998 0.49531250000000004 0.20625 0.48124999999999996 0.1921875 0.47187500000000004
1 0.259375 0.521875 0.246875 0.5109375 0.21250000000000002 0.5140625 0.20625 0.5203125 0.20625 0.534375 0.2234375 0.5484375 0.24375000000000002 0.5484375 0.259375 0.5359375 0.259375 0.521875
1 0.3125 0.5640625 0.2890625 0.5609375 0.2734375 0.5703125 0.271875 0.5875 0.2890625 0.6 0.30625 0.6 0.32343750000000004 0.5875 0.32343750000000004 0.575 0.3125 0.5640625
1 0.3515625 0.6078125 0.3359375 0.609375 0.32343750000000004 0.6187499999999999 0.32499999999999996 0.6390625000000001 0.33906250000000004 0.6484375 0.359375 0.6468750000000001 0.3734375 0.6359375 0.37187499999999996 0.6203125 0.3515625 0.6078125
1 0.4234375 0.6625000000000001 0.4046875 0.6609375 0.38593750000000004 0.6734374999999999 0.38749999999999996 0.690625 0.4078125 0.703125 0.43125 0.6968749999999999 0.4390625 0.6859375000000001 0.43437499999999996 0.66875 0.4234375 0.6625000000000001
1 0.46562499999999996 0.7124999999999999 0.4453125 0.7140625 0.43281250000000004 0.7250000000000001 0.4359375 0.7437499999999999 0.4546875 0.753125 0.478125 0.746875 0.4859375 0.7359374999999999 0.4859375 0.7265625 0.46562499999999996 0.7124999999999999
1 0.0734375 0.525 0.05 0.5234375 0.034375 0.534375 0.034375 0.55 0.053125000000000006 0.5625 0.0796875 0.5578125 0.0875 0.5484375 0.0859375 0.5359375 0.0734375 0.525
1 0.134375 0.5828125 0.1171875 0.5828125 0.1015625 0.59375 0.1015625 0.609375 0.125 0.6234375000000001 0.14375 0.6187499999999999 0.153125 0.60625 0.1484375 0.590625 0.134375 0.5828125
1 0.190625 0.6296875 0.17031249999999998 0.6296875 0.15468749999999998 0.6421874999999999 0.15468749999999998 0.6546875000000001 0.175 0.66875 0.19374999999999998 0.6671875 0.20937499999999998 0.6546875000000001 0.20468750000000002 0.6390625000000001 0.190625 0.6296875
1 0.2546875 0.6921875 0.2296875 0.7046874999999999 0.23125 0.7234375 0.24843749999999998 0.734375 0.2671875 0.7328125000000001 0.2828125 0.71875 0.275 0.7 0.2546875 0.6921875
1 0.31718749999999996 0.7390625 0.3015625 0.7390625 0.2859375 0.75 0.284375 0.7640625000000001 0.296875 0.7765625 0.321875 0.778125 0.3359375 0.7671874999999999 0.3375 0.7562500000000001 0.31718749999999996 0.7390625
1 0.36875 0.7859375 0.3515625 0.7859375 0.3375 0.7953125000000001 0.33906250000000004 0.8140624999999999 0.35468750000000004 0.825 0.37812500000000004 0.8218749999999999 0.3890625 0.8078125 0.384375 0.79375 0.36875 0.7859375