1 0.60625 0.159375 0.5890625 0.1609375 0.5734375 0.17343750000000002 0.571875 0.1875 0.5890625 0.2 0.6078125 0.2 0.625 0.18593749999999998 0.621875 0.16875 0.60625 0.159375
1 0.6703125000000001 0.2 0.6453125 0.2 0.6296875 0.21250000000000002 0.6296875 0.22499999999999998 0.653125 0.24062499999999998 0.675 0.234375 0.6828125 0.2234375 0.6812499999999999 0.20937499999999998 0.6703125000000001 0.2
1 0.7250000000000001 0.2375 0.7078125 0.2375 0.6921875 0.246875 0.690625 0.265625 0.7140625 0.278125 0.7328125000000001 0.2734375 0.7437499999999999 0.259375 0.7390625 0.2453125 0.7250000000000001 0.2375
1 0.8031250000000001 0.2921875 0.7859375 0.29375 0.7703125 0.30625 0.7703125 0.3203125 0.79375 0.334375 0.8125 0.3296875 0.8234375 0.31718749999999996 0.8218749999999999 0.3046875 0.8031250000000001 0.2921875
1 0.8656250000000001 0.33281249999999996 0.846875 0.33281249999999996 0.8328125 0.3421875 0.83125 0.359375 0.8484375 0.37187499999999996 0.8656250000000001 0.37187499999999996 0.8843749999999999 0.35624999999999996 0.8828125 0.3453125 0.8656250000000001 0.33281249999999996
1 0.940625 0.384375 0.921875 0.384375 0.90625 0.39531249999999996 0.9046875000000001 0.41093749999999996 0.921875 0.4234375 0.9421875 0.421875 0.9578125 0.4078125 0.9546874999999999 0.3921875 0.940625 0.384375
1 0.525 0.2453125 0.5015625 0.2453125 0.48750000000000004 0.25625 0.48750000000000004 0.2734375 0.50625 0.284375 0.525 0.2828125 0.5390625 0.26875 0.5375 0.2546875 0.525 0.2453125
1 0.571875 0.2875 0.55 0.290625 0.5390625 0.3015625 0.540625 0.31875 0.559375 0.3296875 0.58125 0.32499999999999996 0.5921875 0.3125 0.5890625 0.2984375 0.571875 0.2875
1 0.640625 0.33281249999999996 0.625 0.334375 0.609375 0.34687500000000004 0.609375 0.3609375 0.6265624999999999 0.3734375 0.64375 0.3734375 0.6609375 0.3578125 0.659375 0.34375 0.640625 0.33281249999999996
1 0.6984375 0.375 0.6828125 0.375 0.6671875 0.384375 0.6640625 0.40312499999999996 0.6828125 0.415625 0.7046874999999999 0.4125 0.71875 0.39531249999999996 0.715625 0.38593750000000004 0.6984375 0.375
1 0.784375 0.42656249999999996 0.7718750000000001 0.41874999999999996 0.7515624999999999 0.41874999999999996 0.7375 0.428125 0.7328125000000001 0.43437499999999996 0.7375 0.44999999999999996 0.753125 0.45781249999999996 0.7734375 0.45625000000000004 0.7890625 0.44062500000000004 0.784375 0.42656249999999996
1 0.8265625000000001 0.4515625 0.8062499999999999 0.4515625 0.7906249999999999 0.4625 0.7906249999999999 0.47968750000000004 0.8078125 0.490625 0.828125 0.48906249999999996 0.84375 0.475 0.840625 0.4609375 0.8265625000000001 0.4515625
1 0.8687499999999999 0.4828125 0.8500000000000001 0.4828125 0.8359375 0.490625 0.8328125 0.509375 0.8515625 0.521875 0.875 0.51875 0.8859375 0.50625 0.8812500000000001 0.490625 0.8687499999999999 0.4828125
3 0.5 0.36250000000000004 0.4828125 0.35 0.4609375 0.35 0.44218749999999996 0.36250000000000004 0.44062500000000004 0.3828125 0.44999999999999996 0.3921875 0.4703125 0.3984375 0.49531250000000004 0.3890625 0.503125 0.3734375 0.5 0.36250000000000004
3 0.56875 0.4125 0.5453125 0.4140625 0.528125 0.42656249999999996 0.528125 0.446875 0.55 0.459375 0.5796875 0.4546875 0.590625 0.4375 0.584375 0.421875 0.56875 0.4125
3 0.6453125 0.46875 0.6203125 0.4703125 0.6046875 0.4828125 0.6046875 0.5015625 0.6296875 0.515625 0.65625 0.509375 0.6671875 0.49531250000000004 0.6656249999999999 0.4828125 0.6453125 0.46875
3 0.7234375 0.5265625 0.703125 0.528125 0.6859375000000001 0.5390625 0.6828125 0.55625 0.7015625000000001 0.5734375 0.7265625 0.5734375 0.7484375000000001 0.5515625 0.7453125 0.540625 0.7234375 0.5265625
3 0.37187499999999996 0.365625 0.35468750000000004 0.3671875 0.3359375 0.38125 0.3359375 0.40156250000000004 0.35468750000000004 0.4140625 0.38125 0.4125 0.3984375 0.39531249999999996 0.39531249999999996 0.37968749999999996 0.37187499999999996 0.365625
3 0.46875 0.4296875 0.4515625 0.41718750000000004 0.43437499999999996 0.415625 0.41718750000000004 0.4234375 0.4078125 0.43281250000000004 0.4078125 0.4453125 0.42656249999999996 0.4625 0.4515625 0.4625 0.4703125 0.446875 0.46875 0.4296875
3 0.5171875 0.46875 0.49531250000000004 0.4703125 0.478125 0.4828125 0.4765625 0.5015625 0.5015625 0.5171875 0.5234375 0.5140625 0.5390625 0.49687499999999996 0.5375 0.4828125 0.5171875 0.46875
3 0.60625 0.53125 0.5875 0.5203125 0.571875 0.5203125 0.55 0.5328125 0.5453125 0.5421875 0.55 0.55625 0.5703125 0.5671875 0.5890625 0.5671875 0.6109375 0.546875 0.60625 0.53125
3 0.6578124999999999 0.5734375 0.6375 0.575 0.6203125 0.5890625 0.621875 0.609375 0.6390625000000001 0.6203125 0.6703125000000001 0.6171875 0.684375 0.5953125 0.671875 0.578125 0.6578124999999999 0.5734375
0 0.303125 0.4078125 0.278125 0.4125 0.2625 0.428125 0.2640625 0.446875 0.290625 0.4625 0.3203125 0.45625000000000004 0.334375 0.4390625 0.3265625 0.41874999999999996 0.303125 0.4078125
0 0.2734375 0.484375 0.25 0.46875 0.2265625 0.4703125 0.20468750000000002 0.48906249999999996 0.20625 0.5078125 0.21875 0.51875 0.2390625 0.5234375 0.2671875 0.5140625 0.2765625 0.5 0.2734375 0.484375
0 0.3375 0.5328125 0.31718749999999996 0.534375 0.2953125 0.5515625 0.2953125 0.571875 0.321875 0.5875 0.34843749999999996 0.5828125 0.3671875 0.5609375 0.3578125 0.5421875 0.3375 0.5328125
0 0.41874999999999996 0.590625 0.396875 0.590625 0.3734375 0.6078125 0.3734375 0.6265624999999999 0.39375000000000004 0.6421874999999999 0.4203125 0.6421874999999999 0.44218749999999996 0.6234375000000001 0.44218749999999996 0.6078125 0.41874999999999996 0.590625
0 0.49531250000000004 0.6453125 0.47187500000000004 0.6468750000000001 0.44999999999999996 0.6640625 0.44999999999999996 0.6828125 0.4765625 0.7 0.503125 0.6953125 0.521875 0.675 0.51875 0.6609375 0.49531250000000004 0.6453125
0 0.5609375 0.6953125 0.534375 0.7015625000000001 0.521875 0.715625 0.525 0.7375 0.5421875 0.7484375000000001 0.56875 0.7484375000000001 0.59375 0.7281249999999999 0.5890625 0.7078125 0.5609375 0.6953125
2 0.1359375 0.55625 0.1171875 0.5484375 0.0921875 0.5515625 0.078125 0.5640625 0.0765625 0.58125 0.09843750000000001 0.5984375 0.125 0.596875 0.1421875 0.584375 0.1453125 0.575 0.1359375 0.55625
2 0.0578125 0.6 0.0328125 0.603125 0.01875 0.6140625 0.014062499999999999 0.6312500000000001 0.0359375 0.6499999999999999 0.060937500000000006 0.6499999999999999 0.08281250000000001 0.6328125 0.0796875 0.6140625 0.0578125 0.6
2 0.1328125 0.65625 0.11406250000000001 0.659375 0.09843750000000001 0.6765625 0.1015625 0.6968749999999999 0.125 0.7078125 0.146875 0.7046874999999999 0.16562500000000002 0.684375 0.15781250000000002 0.6671875 0.1328125 0.65625
2 0.2375 0.7203124999999999 0.21250000000000002 0.7234375 0.19687500000000002 0.7359374999999999 0.19687500000000002 0.7593749999999999 0.215625 0.7718750000000001 0.2453125 0.76875 0.2625 0.7515624999999999 0.259375 0.734375 0.2375 0.7203124999999999
2 0.3515625 0.7984374999999999 0.33125000000000004 0.784375 0.30781250000000004 0.784375 0.2875 0.7984374999999999 0.2828125 0.8078125 0.2859375 0.8218749999999999 0.30937499999999996 0.8359375 0.34062499999999996 0.8296874999999999 0.35468750000000004 0.8109375000000001 0.3515625 0.7984374999999999
2 0.42656249999999996 0.8500000000000001 0.40312499999999996 0.8374999999999999 0.38125 0.840625 0.365625 0.8531249999999999 0.36406249999999996 0.871875 0.384375 0.8875 0.40937500000000004 0.8859375 0.421875 0.8796875 0.43125 0.8656250000000001 0.42656249999999996 0.8500000000000001