2 0.29375 0.47187500000000004 0.2578125 0.47187500000000004 0.215625 0.490625 0.1953125 0.5171875 0.19374999999999998 0.5453125 0.2140625 0.575 0.2375 0.584375 0.278125 0.584375 0.3109375 0.5703125 0.3375 0.5375 0.3375 0.49531250000000004 0.29375 0.47187500000000004
3 0.3734375 0.6781250000000001 0.39375000000000004 0.6625000000000001 0.4046875 0.6468750000000001 0.40937500000000004 0.6234375000000001 0.396875 0.596875 0.36406249999999996 0.5796875 0.33281249999999996 0.5796875 0.3140625 0.584375 0.2875 0.6015625 0.271875 0.628125 0.2703125 0.6468750000000001 0.28125 0.66875 0.3046875 0.684375 0.3453125 0.6875 0.3734375 0.6781250000000001
0 0.490625 0.5875 0.44375 0.5984375 0.41874999999999996 0.6171875 0.40937500000000004 0.6390625000000001 0.41093749999999996 0.6671875 0.43437499999999996 0.6937500000000001 0.4609375 0.703125 0.515625 0.6984375 0.559375 0.6640625 0.5671875 0.6328125 0.5484375 0.6015625 0.490625 0.5875
1 0.6578124999999999 0.7265625 0.625 0.7140625 0.6046875 0.7140625 0.5796875 0.7234375 0.5640625 0.7375 0.553125 0.7625 0.55625 0.78125 0.565625 0.7953125000000001 0.590625 0.8062499999999999 0.628125 0.8062499999999999 0.6656249999999999 0.78125 0.6734374999999999 0.7484375000000001 0.6578124999999999 0.7265625
1 0.746875 0.609375 0.715625 0.596875 0.690625 0.596875 0.6625000000000001 0.6078125 0.6453125 0.6234375000000001 0.6375 0.64375 0.640625 0.6656249999999999 0.65625 0.6796875 0.6812499999999999 0.6890624999999999 0.721875 0.6828125 0.7546875 0.6578124999999999 0.7609375 0.6328125 0.746875 0.609375
1 0.8078125 0.375 0.79375 0.36250000000000004 0.76875 0.353125 0.7406250000000001 0.35468750000000004 0.7124999999999999 0.3671875 0.6953125 0.38593750000000004 0.6890624999999999 0.41093749999999996 0.6953125 0.42500000000000004 0.721875 0.44375 0.7546875 0.4453125 0.796875 0.42500000000000004 0.8125 0.4 0.8078125 0.375
1 0.5109375 0.43281250000000004 0.49687499999999996 0.41874999999999996 0.4703125 0.40937500000000004 0.43437499999999996 0.4140625 0.415625 0.42500000000000004 0.4 0.446875 0.3984375 0.46406250000000004 0.40312499999999996 0.475 0.428125 0.49531250000000004 0.47187500000000004 0.49531250000000004 0.5015625 0.478125 0.515625 0.44999999999999996 0.5109375 0.43281250000000004
1 0.4546875 0.35 0.4390625 0.3265625 0.4078125 0.31718749999999996 0.37187499999999996 0.3203125 0.34687500000000004 0.3421875 0.33906250000000004 0.3609375 0.34062499999999996 0.37812500000000004 0.353125 0.39531249999999996 0.3734375 0.4046875 0.4140625 0.40312499999999996 0.43125 0.396875 0.44999999999999996 0.37968749999999996 0.4546875 0.35
1 0.334375 0.40937500000000004 0.290625 0.4125 0.25625 0.44062500000000004 0.253125 0.4609375 0.259375 0.46875 0.2984375 0.4703125 0.34062499999999996 0.48750000000000004 0.365625 0.4671875 0.3671875 0.43437499999999996 0.3578125 0.4203125 0.334375 0.40937500000000004
1 0.3453125 0.49531250000000004 0.34062499999999996 0.503125 0.34687500000000004 0.5203125 0.32499999999999996 0.5609375 0.34687500000000004 0.575 0.384375 0.575 0.41874999999999996 0.5578125 0.43125 0.5375 0.42500000000000004 0.50625 0.39375000000000004 0.48750000000000004 0.3453125 0.49531250000000004
1 0.478125 0.5359375 0.44375 0.5609375 0.44062500000000004 0.59375 0.49531250000000004 0.5859375 0.546875 0.5953125 0.55625 0.58125 0.55625 0.5609375 0.5375 0.540625 0.51875 0.5328125 0.478125 0.5359375