2 0.528125 0.2578125 0.509375 0.215625 0.4828125 0.1953125 0.4546875 0.19374999999999998 0.42500000000000004 0.2140625 0.415625 0.2375 0.415625 0.278125 0.4296875 0.3109375 0.4625 0.3375 0.5046875 0.3375 0.528125 0.29375 0.528125 0.2578125
3 0.40312499999999996 0.396875 0.4203125 0.36406249999999996 0.4203125 0.33281249999999996 0.415625 0.3140625 0.3984375 0.2875 0.37187499999999996 0.271875 0.353125 0.2703125 0.33125000000000004 0.28125 0.31562500000000004 0.3046875 0.3125 0.3453125 0.321875 0.3734375 0.3375 0.39375000000000004 0.353125 0.4046875 0.3765625 0.40937500000000004 0.40312499999999996 0.396875
0 0.40156250000000004 0.44375 0.3828125 0.41874999999999996 0.3609375 0.40937500000000004 0.33281249999999996 0.41093749999999996 0.30625 0.43437499999999996 0.296875 0.4609375 0.3015625 0.515625 0.3359375 0.559375 0.3671875 0.5671875 0.3984375 0.5484375 0.4125 0.490625 0.40156250000000004 0.44375
1 0.2859375 0.6046875 0.2765625 0.5796875 0.2625 0.5640625 0.2375 0.553125 0.21875 0.55625 0.20468750000000002 0.565625 0.19374999999999998 0.590625 0.19374999999999998 0.628125 0.21875 0.6656249999999999 0.2515625 0.6734374999999999 0.2734375 0.6578124999999999 0.2859375 0.625 0.2859375 0.6046875
1 0.40312499999999996 0.690625 0.3921875 0.6625000000000001 0.3765625 0.6453125 0.35624999999999996 0.6375 0.334375 0.640625 0.3203125 0.65625 0.3109375 0.6812499999999999 0.31718749999999996 0.721875 0.3421875 0.7546875 0.3671875 0.7609375 0.390625 0.746875 0.40312499999999996 0.715625 0.40312499999999996 0.690625
1 0.6468750000000001 0.76875 0.6453125 0.7406250000000001 0.6328125 0.7124999999999999 0.6140625 0.6953125 0.5890625 0.6890624999999999 0.575 0.6953125 0.55625 0.721875 0.5546875 0.7546875 0.575 0.796875 0.6 0.8125 0.625 0.8078125 0.6375 0.79375 0.6468750000000001 0.76875
1 0.590625 0.4703125 0.5859375 0.43437499999999996 0.575 0.415625 0.553125 0.4 0.5359375 0.3984375 0.525 0.40312499999999996 0.5046875 0.428125 0.5046875 0.47187500000000004 0.521875 0.5015625 0.55 0.515625 0.5671875 0.5109375 0.58125 0.49687499999999996 0.590625 0.4703125
1 0.6828125 0.4078125 0.6796875 0.37187499999999996 0.6578124999999999 0.34687500000000004 0.6390625000000001 0.33906250000000004 0.621875 0.34062499999999996 0.6046875 0.353125 0.5953125 0.3734375 0.596875 0.4140625 0.603125 0.43125 0.6203125 0.44999999999999996 0.6499999999999999 0.4546875 0.6734374999999999 0.4390625 0.6828125 0.4078125
1 0.590625 0.334375 0.5875 0.290625 0.559375 0.25625 0.5390625 0.253125 0.53125 0.259375 0.5296875 0.2984375 0.5125 0.34062499999999996 0.5328125 0.365625 0.565625 0.3671875 0.5796875 0.3578125 0.590625 0.334375
1 0.5046875 0.3453125 0.49687499999999996 0.34062499999999996 0.47968750000000004 0.34687500000000004 0.4390625 0.32499999999999996 0.42500000000000004 0.34687500000000004 0.42500000000000004 0.384375 0.44218749999999996 0.41874999999999996 0.4625 0.43125 0.49375 0.42500000000000004 0.5125 0.39375000000000004 0.5046875 0.3453125
1 0.4671875 0.51875 0.46406250000000004 0.478125 0.4390625 0.44375 0.40625 0.44062500000000004 0.4140625 0.49531250000000004 0.4046875 0.546875 0.41874999999999996 0.55625 0.4390625 0.55625 0.459375 0.5375 0.4671875 0.51875