1 0.39375000000000004 0.2375 0.4125 0.2078125 0.4125 0.190625 0.40156250000000004 0.175 0.38125 0.1671875 0.36406249999999996 0.16875 0.3359375 0.18906250000000002 0.3265625 0.2078125 0.33125000000000004 0.23281249999999998 0.359375 0.246875 0.39375000000000004 0.2375
0 0.2828125 0.446875 0.3140625 0.446875 0.33281249999999996 0.4390625 0.35624999999999996 0.40625 0.353125 0.37187499999999996 0.3296875 0.3515625 0.2828125 0.3515625 0.259375 0.36875 0.2515625 0.3828125 0.2515625 0.4234375 0.2640625 0.4390625 0.2828125 0.446875
1 0.3984375 0.5515625 0.415625 0.5296875 0.415625 0.5046875 0.3984375 0.4859375 0.3578125 0.4828125 0.34375 0.490625 0.33281249999999996 0.5078125 0.3359375 0.54375 0.36406249999999996 0.559375 0.3984375 0.5515625
1 0.46562499999999996 0.32499999999999996 0.5 0.3015625 0.5078125 0.271875 0.490625 0.246875 0.44843750000000004 0.24375000000000002 0.41874999999999996 0.26875 0.4125 0.296875 0.41874999999999996 0.3109375 0.43437499999999996 0.321875 0.46562499999999996 0.32499999999999996
1 0.49687499999999996 0.40312499999999996 0.5171875 0.396875 0.534375 0.38125 0.5421875 0.35 0.5359375 0.3359375 0.5171875 0.321875 0.4828125 0.3203125 0.4546875 0.33906250000000004 0.44375 0.37031250000000004 0.44999999999999996 0.38749999999999996 0.4625 0.3984375 0.49687499999999996 0.40312499999999996
1 0.6078125 0.4671875 0.6296875 0.4671875 0.65625 0.45625000000000004 0.6734374999999999 0.43437499999999996 0.6765625 0.415625 0.671875 0.40156250000000004 0.64375 0.37968749999999996 0.6015625 0.38125 0.5765625 0.3984375 0.5671875 0.415625 0.5734375 0.44843750000000004 0.5953125 0.46562499999999996 0.6078125 0.4671875
1 0.5171875 0.5484375 0.5359375 0.5546875 0.5796875 0.5453125 0.5984375 0.521875 0.5953125 0.490625 0.5734375 0.47187500000000004 0.5328125 0.46875 0.5125 0.478125 0.5015625 0.490625 0.49687499999999996 0.5046875 0.5 0.5328125 0.5171875 0.5484375
3 0.5265625 0.6578124999999999 0.546875 0.6625000000000001 0.58125 0.6578124999999999 0.5984375 0.6484375 0.6171875 0.6156250000000001 0.60625 0.5796875 0.575 0.559375 0.53125 0.559375 0.509375 0.56875 0.4921875 0.5953125 0.4921875 0.6203125 0.5046875 0.64375 0.5265625 0.6578124999999999
2 0.7140625 0.7281249999999999 0.7484375000000001 0.7390625 0.7859375 0.7375 0.815625 0.7250000000000001 0.8328125 0.7078125 0.840625 0.6890624999999999 0.8390625 0.6640625 0.8296874999999999 0.6453125 0.7859375 0.6171875 0.7250000000000001 0.6156250000000001 0.6953125 0.6328125 0.6781250000000001 0.65625 0.6765625 0.6796875 0.690625 0.7093750000000001 0.7140625 0.7281249999999999
1 0.38749999999999996 0.8515625 0.38749999999999996 0.8265625000000001 0.36406249999999996 0.7984374999999999 0.328125 0.7953125000000001 0.30625 0.809375 0.3015625 0.84375 0.3265625 0.871875 0.36406249999999996 0.8734375000000001 0.38749999999999996 0.8515625
1 0.290625 0.653125 0.2890625 0.621875 0.2703125 0.603125 0.23593750000000002 0.603125 0.215625 0.625 0.22031250000000002 0.6609375 0.24062499999999998 0.675 0.271875 0.671875 0.290625 0.653125