1 0.7625 0.39375000000000004 0.7921875 0.4125 0.809375 0.4125 0.825 0.40156250000000004 0.8328125 0.38125 0.83125 0.36406249999999996 0.8109375000000001 0.3359375 0.7921875 0.3265625 0.7671874999999999 0.33125000000000004 0.753125 0.359375 0.7625 0.39375000000000004
0 0.553125 0.2828125 0.553125 0.3140625 0.5609375 0.33281249999999996 0.59375 0.35624999999999996 0.628125 0.353125 0.6484375 0.3296875 0.6484375 0.2828125 0.6312500000000001 0.259375 0.6171875 0.2515625 0.5765625 0.2515625 0.5609375 0.2640625 0.553125 0.2828125
1 0.44843750000000004 0.3984375 0.4703125 0.415625 0.49531250000000004 0.415625 0.5140625 0.3984375 0.5171875 0.3578125 0.509375 0.34375 0.4921875 0.33281249999999996 0.45625000000000004 0.3359375 0.44062500000000004 0.36406249999999996 0.44843750000000004 0.3984375
1 0.675 0.46562499999999996 0.6984375 0.5 0.7281249999999999 0.5078125 0.753125 0.490625 0.7562500000000001 0.44843750000000004 0.73125 0.41874999999999996 0.703125 0.4125 0.6890624999999999 0.41874999999999996 0.6781250000000001 0.43437499999999996 0.675 0.46562499999999996
1 0.596875 0.49687499999999996 0.603125 0.5171875 0.6187499999999999 0.534375 0.6499999999999999 0.5421875 0.6640625 0.5359375 0.6781250000000001 0.5171875 0.6796875 0.4828125 0.6609375 0.4546875 0.6296875 0.44375 0.6125 0.44999999999999996 0.6015625 0.4625 0.596875 0.49687499999999996
1 0.5328125 0.6078125 0.5328125 0.6296875 0.54375 0.65625 0.565625 0.6734374999999999 0.584375 0.6765625 0.5984375 0.671875 0.6203125 0.64375 0.6187499999999999 0.6015625 0.6015625 0.5765625 0.584375 0.5671875 0.5515625 0.5734375 0.534375 0.5953125 0.5328125 0.6078125
1 0.4515625 0.5171875 0.4453125 0.5359375 0.4546875 0.5796875 0.478125 0.5984375 0.509375 0.5953125 0.528125 0.5734375 0.53125 0.5328125 0.521875 0.5125 0.509375 0.5015625 0.49531250000000004 0.49687499999999996 0.4671875 0.5 0.4515625 0.5171875
3 0.3421875 0.5265625 0.3375 0.546875 0.3421875 0.58125 0.3515625 0.5984375 0.384375 0.6171875 0.4203125 0.60625 0.44062500000000004 0.575 0.44062500000000004 0.53125 0.43125 0.509375 0.4046875 0.4921875 0.37968749999999996 0.4921875 0.35624999999999996 0.5046875 0.3421875 0.5265625
2 0.271875 0.7140625 0.2609375 0.7484375000000001 0.2625 0.7859375 0.275 0.815625 0.2921875 0.8328125 0.3109375 0.840625 0.3359375 0.8390625 0.35468750000000004 0.8296874999999999 0.3828125 0.7859375 0.384375 0.7250000000000001 0.3671875 0.6953125 0.34375 0.6781250000000001 0.3203125 0.6765625 0.290625 0.690625 0.271875 0.7140625
1 0.1484375 0.38749999999999996 0.17343750000000002 0.38749999999999996 0.20156249999999998 0.36406249999999996 0.20468750000000002 0.328125 0.190625 0.30625 0.15625 0.3015625 0.128125 0.3265625 0.1265625 0.36406249999999996 0.1484375 0.38749999999999996
1 0.34687500000000004 0.290625 0.37812500000000004 0.2890625 0.396875 0.2703125 0.396875 0.23593750000000002 0.375 0.215625 0.33906250000000004 0.22031250000000002 0.32499999999999996 0.24062499999999998 0.328125 0.271875 0.34687500000000004 0.290625