1 0.1640625 0.3734375 0.16562500000000002 0.4125 0.184375 0.428125 0.215625 0.4234375 0.23593750000000002 0.4 0.2375 0.36406249999999996 0.221875 0.34375 0.190625 0.3453125 0.1640625 0.3734375
1 0.321875 0.453125 0.303125 0.42656249999999996 0.2796875 0.4234375 0.26875 0.428125 0.2421875 0.459375 0.24375000000000002 0.49687499999999996 0.2625 0.5171875 0.278125 0.5203125 0.2984375 0.5140625 0.31718749999999996 0.49375 0.321875 0.453125
1 0.4 0.475 0.3765625 0.4515625 0.3578125 0.4515625 0.34062499999999996 0.459375 0.321875 0.4859375 0.31875 0.5109375 0.32343750000000004 0.5265625 0.3453125 0.5484375 0.37968749999999996 0.54375 0.4 0.51875 0.4 0.475
1 0.55 0.353125 0.5296875 0.33125000000000004 0.5046875 0.3296875 0.4921875 0.3359375 0.475 0.359375 0.4765625 0.3921875 0.5 0.415625 0.521875 0.415625 0.5421875 0.40312499999999996 0.5484375 0.3921875 0.55 0.353125
0 0.35624999999999996 0.35468750000000004 0.37187499999999996 0.36250000000000004 0.39531249999999996 0.36250000000000004 0.4125 0.35468750000000004 0.428125 0.33906250000000004 0.4375 0.31718749999999996 0.43125 0.275 0.421875 0.2625 0.40312499999999996 0.253125 0.37812500000000004 0.2546875 0.36250000000000004 0.2625 0.34687500000000004 0.278125 0.33906250000000004 0.296875 0.34375 0.33906250000000004 0.35624999999999996 0.35468750000000004
1 0.6468750000000001 0.21250000000000002 0.6125 0.2078125 0.5890625 0.23125 0.5890625 0.259375 0.603125 0.2796875 0.6296875 0.2859375 0.6453125 0.28125 0.6578124999999999 0.26875 0.6625000000000001 0.2375 0.6468750000000001 0.21250000000000002
1 0.8671875 0.34062499999999996 0.8671875 0.32343750000000004 0.8531249999999999 0.296875 0.8374999999999999 0.2859375 0.8109375000000001 0.284375 0.7984374999999999 0.290625 0.7875000000000001 0.30781250000000004 0.7875000000000001 0.34062499999999996 0.8078125 0.36406249999999996 0.8421875000000001 0.37031250000000004 0.8578125000000001 0.359375 0.8671875 0.34062499999999996
1 0.5375 0.5015625 0.5234375 0.49531250000000004 0.49375 0.5 0.47968750000000004 0.5125 0.47187500000000004 0.53125 0.475 0.5734375 0.4921875 0.59375 0.521875 0.5984375 0.546875 0.58125 0.55625 0.5328125 0.5375 0.5015625
1 0.47343749999999996 0.628125 0.4703125 0.5984375 0.4546875 0.578125 0.4375 0.5703125 0.415625 0.5734375 0.3984375 0.5859375 0.38749999999999996 0.6078125 0.38749999999999996 0.6468750000000001 0.4046875 0.6734374999999999 0.4359375 0.6796875 0.4546875 0.66875 0.47343749999999996 0.628125
3 0.603125 0.6109375 0.6234375000000001 0.6109375 0.6468750000000001 0.5984375 0.6625000000000001 0.5671875 0.6640625 0.534375 0.65625 0.5125 0.6421874999999999 0.49687499999999996 0.621875 0.4859375 0.5921875 0.48750000000000004 0.571875 0.503125 0.5609375 0.525 0.559375 0.5578125 0.5796875 0.5984375 0.603125 0.6109375
2 0.6453125 0.8046875 0.6671875 0.825 0.6812499999999999 0.8296874999999999 0.7015625000000001 0.83125 0.7234375 0.8218749999999999 0.7421875 0.8015625 0.753125 0.7671874999999999 0.7515624999999999 0.734375 0.7359374999999999 0.6968749999999999 0.7093750000000001 0.6734374999999999 0.671875 0.66875 0.653125 0.6765625 0.6296875 0.7093750000000001 0.6265624999999999 0.7578125 0.6453125 0.8046875