0 0.7671874999999999 0.4359375 0.76875 0.40156250000000004 0.753125 0.36875 0.7250000000000001 0.36406249999999996 0.70625 0.37812500000000004 0.6984375 0.40312499999999996 0.7 0.421875 0.7203124999999999 0.44843750000000004 0.7484375000000001 0.44999999999999996 0.7671874999999999 0.4359375
0 0.7718750000000001 0.7984374999999999 0.8 0.815625 0.815625 0.8109375000000001 0.828125 0.7984374999999999 0.8343750000000001 0.7796875000000001 0.83125 0.75 0.8109375000000001 0.7265625 0.7890625 0.7234375 0.778125 0.7281249999999999 0.7625 0.7562500000000001 0.7625 0.778125 0.7718750000000001 0.7984374999999999
0 0.6296875 0.3734375 0.625 0.334375 0.6015625 0.31875 0.5875 0.31718749999999996 0.571875 0.3265625 0.5578125 0.35624999999999996 0.565625 0.390625 0.5890625 0.4078125 0.6125 0.40156250000000004 0.6296875 0.3734375
0 0.6546875000000001 0.509375 0.6328125 0.5125 0.6203125 0.53125 0.625 0.5625 0.6468750000000001 0.5765625 0.66875 0.5640625 0.675 0.546875 0.671875 0.525 0.6546875000000001 0.509375
1 0.671875 0.784375 0.6703125000000001 0.7625 0.659375 0.7406250000000001 0.653125 0.734375 0.6343749999999999 0.7375 0.6187499999999999 0.7578125 0.6203125 0.7890625 0.6390625000000001 0.8062499999999999 0.65625 0.8046875 0.671875 0.784375
1 0.525 0.4921875 0.5 0.49531250000000004 0.48906249999999996 0.51875 0.49375 0.54375 0.5140625 0.559375 0.5328125 0.553125 0.54375 0.528125 0.540625 0.5078125 0.525 0.4921875
1 0.4546875 0.490625 0.43281250000000004 0.4921875 0.4203125 0.509375 0.4203125 0.5359375 0.44062500000000004 0.55625 0.459375 0.553125 0.47187500000000004 0.534375 0.47187500000000004 0.5125 0.4546875 0.490625
2 0.43437499999999996 0.7406250000000001 0.43281250000000004 0.7093750000000001 0.41093749999999996 0.684375 0.384375 0.6875 0.3734375 0.6984375 0.365625 0.7234375 0.3734375 0.753125 0.396875 0.7703125 0.42500000000000004 0.7593749999999999 0.43437499999999996 0.7406250000000001
2 0.40937500000000004 0.5796875 0.40312499999999996 0.55 0.38125 0.53125 0.3578125 0.5359375 0.33906250000000004 0.5625 0.34375 0.596875 0.359375 0.6140625 0.3734375 0.6187499999999999 0.396875 0.609375 0.40937500000000004 0.5796875
0 0.2890625 0.7171875000000001 0.3140625 0.7093750000000001 0.328125 0.6812499999999999 0.32343750000000004 0.6484375 0.303125 0.6265624999999999 0.284375 0.625 0.26875 0.6312500000000001 0.253125 0.6578124999999999 0.253125 0.6812499999999999 0.2625 0.703125 0.2890625 0.7171875000000001
3 0.3359375 0.7593749999999999 0.3140625 0.7625 0.2953125 0.7906249999999999 0.303125 0.828125 0.321875 0.84375 0.3453125 0.8390625 0.3609375 0.8125 0.359375 0.784375 0.3359375 0.7593749999999999