0 0.33906250000000004 0.1375 0.3140625 0.11875 0.278125 0.115625 0.253125 0.134375 0.2578125 0.1640625 0.2890625 0.18906250000000002 0.31875 0.18906250000000002 0.334375 0.18125000000000002 0.34375 0.1671875 0.33906250000000004 0.1375
0 0.6656249999999999 0.2625 0.6187499999999999 0.253125 0.596875 0.2765625 0.5984375 0.303125 0.6203125 0.321875 0.65625 0.32499999999999996 0.6796875 0.30937499999999996 0.6828125 0.2859375 0.6656249999999999 0.2625
1 0.28125 0.2796875 0.2640625 0.2734375 0.246875 0.275 0.23125 0.2890625 0.23125 0.30937499999999996 0.2578125 0.328125 0.2796875 0.328125 0.3 0.30937499999999996 0.2984375 0.2953125 0.28125 0.2796875
1 0.490625 0.453125 0.4625 0.453125 0.446875 0.4671875 0.44999999999999996 0.490625 0.46875 0.5046875 0.4921875 0.50625 0.5109375 0.49375 0.509375 0.4671875 0.490625 0.453125
2 0.38593750000000004 0.44218749999999996 0.35624999999999996 0.4375 0.33906250000000004 0.44218749999999996 0.328125 0.453125 0.328125 0.484375 0.35468750000000004 0.50625 0.3921875 0.5046875 0.40937500000000004 0.48750000000000004 0.40625 0.459375 0.38593750000000004 0.44218749999999996
2 0.284375 0.5234375 0.25625 0.5140625 0.22812500000000002 0.5203125 0.215625 0.5421875 0.22031250000000002 0.5640625 0.253125 0.584375 0.2859375 0.5796875 0.3015625 0.55625 0.2984375 0.5390625 0.284375 0.5234375
3 0.1828125 0.575 0.1484375 0.5734375 0.1296875 0.5890625 0.1328125 0.6171875 0.1640625 0.6375 0.1953125 0.6343749999999999 0.2109375 0.6125 0.203125 0.5875 0.1828125 0.575
0 0.32343750000000004 0.6453125 0.2953125 0.6328125 0.2703125 0.6312500000000001 0.2453125 0.653125 0.2515625 0.6890624999999999 0.2828125 0.70625 0.31875 0.7015625000000001 0.334375 0.6828125 0.334375 0.6625000000000001 0.32343750000000004 0.6453125
2 0.4375 0.590625 0.41718750000000004 0.575 0.38125 0.5734375 0.3609375 0.5890625 0.3609375 0.6171875 0.384375 0.6390625000000001 0.4234375 0.6390625000000001 0.4390625 0.628125 0.4453125 0.6140625 0.4375 0.590625
1 0.475 0.521875 0.453125 0.521875 0.4359375 0.5328125 0.43437499999999996 0.553125 0.4546875 0.5734375 0.484375 0.5734375 0.5 0.5578125 0.49531250000000004 0.5359375 0.475 0.521875
0 0.6937500000000001 0.41874999999999996 0.6671875 0.40156250000000004 0.6343749999999999 0.40156250000000004 0.6109375 0.421875 0.6125 0.446875 0.6343749999999999 0.46875 0.659375 0.47343749999999996 0.6781250000000001 0.46875 0.6984375 0.446875 0.6937500000000001 0.41874999999999996
1 0.4984375 0.3203125 0.475 0.3203125 0.45781249999999996 0.334375 0.45781249999999996 0.35468750000000004 0.475 0.37187499999999996 0.50625 0.3734375 0.521875 0.35624999999999996 0.51875 0.334375 0.4984375 0.3203125