0 0.6656249999999999 0.18125000000000002 0.6812499999999999 0.18906250000000002 0.7109375 0.18906250000000002 0.7421875 0.1640625 0.746875 0.134375 0.721875 0.115625 0.6859375000000001 0.11875 0.6609375 0.1375 0.65625 0.1671875 0.6656249999999999 0.18125000000000002
0 0.34375 0.32499999999999996 0.37968749999999996 0.321875 0.40156250000000004 0.303125 0.40312499999999996 0.2765625 0.38125 0.253125 0.334375 0.2625 0.31718749999999996 0.2859375 0.3203125 0.30937499999999996 0.34375 0.32499999999999996
1 0.7 0.30937499999999996 0.7203124999999999 0.328125 0.7421875 0.328125 0.76875 0.30937499999999996 0.76875 0.2890625 0.753125 0.275 0.7359374999999999 0.2734375 0.71875 0.2796875 0.7015625000000001 0.2953125 0.7 0.30937499999999996
1 0.5078125 0.50625 0.53125 0.5046875 0.55 0.490625 0.553125 0.4671875 0.5375 0.453125 0.509375 0.453125 0.490625 0.4671875 0.48906249999999996 0.49375 0.5078125 0.50625
2 0.590625 0.48750000000000004 0.6078125 0.5046875 0.6453125 0.50625 0.671875 0.484375 0.671875 0.453125 0.6609375 0.44218749999999996 0.64375 0.4375 0.6140625 0.44218749999999996 0.59375 0.459375 0.590625 0.48750000000000004
2 0.6984375 0.55625 0.7140625 0.5796875 0.746875 0.584375 0.7796875000000001 0.5640625 0.784375 0.5421875 0.7718750000000001 0.5203125 0.7437499999999999 0.5140625 0.715625 0.5234375 0.7015625000000001 0.5390625 0.6984375 0.55625
3 0.8046875 0.6343749999999999 0.8359375 0.6375 0.8671875 0.6171875 0.8703125 0.5890625 0.8515625 0.5734375 0.8171875 0.575 0.796875 0.5875 0.7890625 0.6125 0.8046875 0.6343749999999999
0 0.6656249999999999 0.6828125 0.6812499999999999 0.7015625000000001 0.7171875000000001 0.70625 0.7484375000000001 0.6890624999999999 0.7546875 0.653125 0.7296875 0.6312500000000001 0.7046874999999999 0.6328125 0.6765625 0.6453125 0.6656249999999999 0.6625000000000001 0.6656249999999999 0.6828125
2 0.5609375 0.628125 0.5765625 0.6390625000000001 0.6156250000000001 0.6390625000000001 0.6390625000000001 0.6171875 0.6390625000000001 0.5890625 0.6187499999999999 0.5734375 0.5828125 0.575 0.5625 0.590625 0.5546875 0.6140625 0.5609375 0.628125
1 0.515625 0.5734375 0.5453125 0.5734375 0.565625 0.553125 0.5640625 0.5328125 0.546875 0.521875 0.525 0.521875 0.5046875 0.5359375 0.5 0.5578125 0.515625 0.5734375
0 0.321875 0.46875 0.34062499999999996 0.47343749999999996 0.365625 0.46875 0.38749999999999996 0.446875 0.3890625 0.421875 0.365625 0.40156250000000004 0.33281249999999996 0.40156250000000004 0.30625 0.41874999999999996 0.3015625 0.446875 0.321875 0.46875
1 0.49375 0.3734375 0.525 0.37187499999999996 0.5421875 0.35468750000000004 0.5421875 0.334375 0.525 0.3203125 0.5015625 0.3203125 0.48124999999999996 0.334375 0.478125 0.35624999999999996 0.49375 0.3734375