0 0.21718749999999998 0.2671875 0.2421875 0.24843749999999998 0.24843749999999998 0.215625 0.23125 0.1796875 0.21875 0.171875 0.2 0.17343750000000002 0.1828125 0.184375 0.1765625 0.19687500000000002 0.175 0.23125 0.1875 0.25625 0.21718749999999998 0.2671875
0 0.2875 0.6156250000000001 0.2953125 0.6 0.29375 0.5609375 0.271875 0.540625 0.24375000000000002 0.54375 0.22812500000000002 0.5625 0.22812500000000002 0.5984375 0.2453125 0.6234375000000001 0.271875 0.6265624999999999 0.2875 0.6156250000000001
1 0.38749999999999996 0.2421875 0.390625 0.215625 0.38593750000000004 0.19687500000000002 0.3765625 0.190625 0.3515625 0.190625 0.3359375 0.2140625 0.33906250000000004 0.23593750000000002 0.353125 0.2578125 0.36406249999999996 0.259375 0.38749999999999996 0.2421875
1 0.37968749999999996 0.4625 0.37812500000000004 0.43437499999999996 0.3609375 0.41874999999999996 0.33906250000000004 0.4234375 0.328125 0.4375 0.328125 0.4671875 0.34843749999999996 0.4859375 0.365625 0.4828125 0.37968749999999996 0.4625
0 0.4234375 0.66875 0.43125 0.65625 0.4359375 0.6203125 0.42656249999999996 0.6015625 0.4125 0.590625 0.39375000000000004 0.5890625 0.38125 0.5953125 0.365625 0.6187499999999999 0.3671875 0.6546875000000001 0.38125 0.6734374999999999 0.4046875 0.6781250000000001 0.4234375 0.66875
1 0.509375 0.48906249999999996 0.5109375 0.46562499999999996 0.49531250000000004 0.44218749999999996 0.475 0.44062500000000004 0.45781249999999996 0.4625 0.45781249999999996 0.48750000000000004 0.47343749999999996 0.50625 0.490625 0.5078125 0.509375 0.48906249999999996
1 0.578125 0.49531250000000004 0.58125 0.47187500000000004 0.5671875 0.44843750000000004 0.546875 0.4453125 0.5296875 0.4625 0.528125 0.490625 0.5421875 0.509375 0.559375 0.5125 0.578125 0.49531250000000004
2 0.53125 0.39531249999999996 0.5390625 0.3765625 0.5375 0.3453125 0.515625 0.321875 0.48750000000000004 0.32499999999999996 0.47187500000000004 0.35 0.475 0.38593750000000004 0.49375 0.40625 0.5171875 0.40625 0.53125 0.39531249999999996
3 0.70625 0.23281249999999998 0.7124999999999999 0.22031250000000002 0.7124999999999999 0.18906250000000002 0.6984375 0.1671875 0.671875 0.16249999999999998 0.6515625 0.184375 0.6499999999999999 0.22031250000000002 0.66875 0.24375000000000002 0.6890624999999999 0.2453125 0.70625 0.23281249999999998
0 0.71875 0.3828125 0.7390625 0.3734375 0.7453125 0.36406249999999996 0.75 0.32499999999999996 0.7437499999999999 0.30625 0.7328125000000001 0.2953125 0.7015625000000001 0.2921875 0.6875 0.3015625 0.6765625 0.321875 0.6796875 0.34843749999999996 0.6921875 0.375 0.71875 0.3828125
2 0.6578124999999999 0.44999999999999996 0.6609375 0.4203125 0.6453125 0.3921875 0.6171875 0.38749999999999996 0.5984375 0.4046875 0.59375 0.44062500000000004 0.609375 0.46562499999999996 0.6328125 0.47187500000000004 0.6578124999999999 0.44999999999999996
2 0.6343749999999999 0.3 0.6375 0.2609375 0.6187499999999999 0.23593750000000002 0.590625 0.2375 0.5734375 0.259375 0.575 0.2953125 0.5953125 0.31718749999999996 0.6171875 0.31718749999999996 0.6343749999999999 0.3