0 0.3 0.421875 0.3015625 0.40312499999999996 0.29375 0.37812500000000004 0.275 0.36406249999999996 0.246875 0.36875 0.23125 0.40156250000000004 0.23281249999999998 0.4359375 0.2515625 0.44999999999999996 0.2796875 0.44843750000000004 0.3 0.421875
0 0.2 0.815625 0.22812500000000002 0.7984374999999999 0.2375 0.778125 0.2375 0.7562500000000001 0.221875 0.7281249999999999 0.2109375 0.7234375 0.18906250000000002 0.7265625 0.16875 0.75 0.16562500000000002 0.7796875000000001 0.171875 0.7984374999999999 0.184375 0.8109375000000001 0.2 0.815625
0 0.43437499999999996 0.390625 0.44218749999999996 0.35624999999999996 0.428125 0.3265625 0.4125 0.31718749999999996 0.3984375 0.31875 0.375 0.334375 0.37031250000000004 0.3734375 0.38749999999999996 0.40156250000000004 0.41093749999999996 0.4078125 0.43437499999999996 0.390625
0 0.375 0.5625 0.37968749999999996 0.53125 0.3671875 0.5125 0.3453125 0.509375 0.328125 0.525 0.32499999999999996 0.546875 0.33125000000000004 0.5640625 0.353125 0.5765625 0.375 0.5625
1 0.37968749999999996 0.7890625 0.38125 0.7578125 0.365625 0.7375 0.34687500000000004 0.734375 0.34062499999999996 0.7406250000000001 0.3296875 0.7625 0.328125 0.784375 0.34375 0.8046875 0.3609375 0.8062499999999999 0.37968749999999996 0.7890625
1 0.50625 0.54375 0.5109375 0.51875 0.5 0.49531250000000004 0.475 0.4921875 0.459375 0.5078125 0.45625000000000004 0.528125 0.4671875 0.553125 0.4859375 0.559375 0.50625 0.54375
1 0.5796875 0.5359375 0.5796875 0.509375 0.5671875 0.4921875 0.5453125 0.490625 0.528125 0.5125 0.528125 0.534375 0.540625 0.553125 0.559375 0.55625 0.5796875 0.5359375
2 0.6265624999999999 0.753125 0.6343749999999999 0.7234375 0.6265624999999999 0.6984375 0.6156250000000001 0.6875 0.5890625 0.684375 0.5671875 0.7093750000000001 0.565625 0.7406250000000001 0.575 0.7593749999999999 0.603125 0.7703125 0.6265624999999999 0.753125
2 0.640625 0.6140625 0.65625 0.596875 0.6609375 0.5625 0.6421874999999999 0.5359375 0.6187499999999999 0.53125 0.596875 0.55 0.590625 0.5796875 0.603125 0.609375 0.6265624999999999 0.6187499999999999 0.640625 0.6140625
0 0.7375 0.703125 0.746875 0.6812499999999999 0.746875 0.6578124999999999 0.73125 0.6312500000000001 0.715625 0.625 0.6968749999999999 0.6265624999999999 0.6765625 0.6484375 0.671875 0.6812499999999999 0.6859375000000001 0.7093750000000001 0.7109375 0.7171875000000001 0.7375 0.703125
3 0.6968749999999999 0.828125 0.7046874999999999 0.7906249999999999 0.6859375000000001 0.7625 0.6640625 0.7593749999999999 0.640625 0.784375 0.6390625000000001 0.8125 0.6546875000000001 0.8390625 0.6781250000000001 0.84375 0.6968749999999999 0.828125