1 0.43281250000000004 0.20468750000000002 0.4140625 0.203125 0.39375000000000004 0.21718749999999998 0.390625 0.23125 0.40625 0.2515625 0.4359375 0.25625 0.453125 0.24375000000000002 0.453125 0.22031250000000002 0.43281250000000004 0.20468750000000002
2 0.5046875 0.15 0.5 0.12187500000000001 0.4765625 0.10625000000000001 0.446875 0.10625000000000001 0.428125 0.125 0.4296875 0.146875 0.44999999999999996 0.16562500000000002 0.478125 0.17031249999999998 0.49375 0.1640625 0.5046875 0.15
0 0.6546875000000001 0.1765625 0.671875 0.1640625 0.675 0.1421875 0.6640625 0.1234375 0.6453125 0.11406250000000001 0.628125 0.11249999999999999 0.6125 0.11875 0.603125 0.1296875 0.6015625 0.1453125 0.64375 0.1765625 0.6546875000000001 0.1765625
1 0.8125 0.2640625 0.7921875 0.2640625 0.78125 0.275 0.7796875000000001 0.2921875 0.7984374999999999 0.3109375 0.8171875 0.3109375 0.8328125 0.29375 0.8265625000000001 0.2734375 0.8125 0.2640625
1 0.7921875 0.43281250000000004 0.7703125 0.43281250000000004 0.7546875 0.44843750000000004 0.7578125 0.46875 0.7749999999999999 0.4828125 0.8 0.48124999999999996 0.8109375000000001 0.46875 0.8078125 0.446875 0.7921875 0.43281250000000004
2 0.6968749999999999 0.478125 0.66875 0.475 0.6468750000000001 0.490625 0.64375 0.515625 0.6625000000000001 0.5390625 0.6921875 0.54375 0.7124999999999999 0.5296875 0.7171875000000001 0.503125 0.6968749999999999 0.478125
0 0.7671874999999999 0.7015625000000001 0.7609375 0.671875 0.7359374999999999 0.6546875000000001 0.703125 0.659375 0.690625 0.6734374999999999 0.6859375000000001 0.6921875 0.6968749999999999 0.71875 0.7250000000000001 0.7328125000000001 0.753125 0.7250000000000001 0.7671874999999999 0.7015625000000001
0 0.6078125 0.7234375 0.6296875 0.7 0.628125 0.6703125000000001 0.6140625 0.653125 0.6 0.6468750000000001 0.584375 0.6453125 0.5625 0.653125 0.5453125 0.6781250000000001 0.5484375 0.703125 0.575 0.7250000000000001 0.6078125 0.7234375
1 0.58125 0.5734375 0.5546875 0.5765625 0.5390625 0.5984375 0.5453125 0.6187499999999999 0.5625 0.6312500000000001 0.584375 0.6312500000000001 0.603125 0.6125 0.6 0.5875 0.58125 0.5734375
2 0.303125 0.2390625 0.3 0.21718749999999998 0.275 0.19687500000000002 0.246875 0.19374999999999998 0.21875 0.20937499999999998 0.2140625 0.23281249999999998 0.2296875 0.25625 0.2703125 0.265625 0.296875 0.2515625 0.303125 0.2390625
3 0.33906250000000004 0.3609375 0.33125000000000004 0.34687500000000004 0.30937499999999996 0.334375 0.2796875 0.3359375 0.2578125 0.35624999999999996 0.2609375 0.3828125 0.28125 0.4 0.31875 0.4 0.33906250000000004 0.37812500000000004 0.33906250000000004 0.3609375
0 0.40625 0.6578124999999999 0.44375 0.6625000000000001 0.47187500000000004 0.6421874999999999 0.4765625 0.6296875 0.47343749999999996 0.60625 0.4609375 0.590625 0.44375 0.5828125 0.415625 0.5828125 0.390625 0.603125 0.384375 0.6203125 0.38749999999999996 0.6359375 0.40625 0.6578124999999999