1 0.24375000000000002 0.546875 0.22031250000000002 0.546875 0.20468750000000002 0.5671875 0.203125 0.5859375 0.21718749999999998 0.60625 0.23125 0.609375 0.2515625 0.59375 0.25625 0.5640625 0.24375000000000002 0.546875
2 0.1640625 0.50625 0.15 0.49531250000000004 0.12187500000000001 0.5 0.10625000000000001 0.5234375 0.10625000000000001 0.553125 0.125 0.571875 0.146875 0.5703125 0.16562500000000002 0.55 0.17031249999999998 0.521875 0.1640625 0.50625
0 0.1765625 0.3453125 0.1640625 0.328125 0.1421875 0.32499999999999996 0.1234375 0.3359375 0.11406250000000001 0.35468750000000004 0.11249999999999999 0.37187499999999996 0.11875 0.38749999999999996 0.1296875 0.396875 0.1453125 0.3984375 0.1765625 0.35624999999999996 0.1765625 0.3453125
1 0.29375 0.1671875 0.2734375 0.17343750000000002 0.2640625 0.1875 0.2640625 0.2078125 0.275 0.21875 0.2921875 0.22031250000000002 0.3109375 0.20156249999999998 0.3109375 0.1828125 0.29375 0.1671875
1 0.46875 0.18906250000000002 0.446875 0.1921875 0.43281250000000004 0.2078125 0.43281250000000004 0.2296875 0.44843750000000004 0.2453125 0.46875 0.2421875 0.4828125 0.22499999999999998 0.48124999999999996 0.2 0.46875 0.18906250000000002
2 0.5296875 0.2875 0.503125 0.2828125 0.478125 0.303125 0.475 0.33125000000000004 0.490625 0.353125 0.515625 0.35624999999999996 0.5390625 0.3375 0.54375 0.30781250000000004 0.5296875 0.2875
0 0.7250000000000001 0.246875 0.7015625000000001 0.23281249999999998 0.671875 0.2390625 0.6546875000000001 0.2640625 0.659375 0.296875 0.6734374999999999 0.30937499999999996 0.6921875 0.3140625 0.71875 0.303125 0.7328125000000001 0.275 0.7250000000000001 0.246875
0 0.7234375 0.3921875 0.7 0.37031250000000004 0.6703125000000001 0.37187499999999996 0.653125 0.38593750000000004 0.6468750000000001 0.4 0.6453125 0.415625 0.653125 0.4375 0.6781250000000001 0.4546875 0.703125 0.4515625 0.7250000000000001 0.42500000000000004 0.7234375 0.3921875
1 0.6125 0.396875 0.5875 0.4 0.5734375 0.41874999999999996 0.5765625 0.4453125 0.5984375 0.4609375 0.6187499999999999 0.4546875 0.6312500000000001 0.4375 0.6312500000000001 0.415625 0.6125 0.396875
2 0.2515625 0.703125 0.2390625 0.6968749999999999 0.21718749999999998 0.7 0.19687500000000002 0.7250000000000001 0.19374999999999998 0.753125 0.20937499999999998 0.78125 0.23281249999999998 0.7859375 0.25625 0.7703125 0.265625 0.7296875 0.2515625 0.703125
3 0.37812500000000004 0.6609375 0.3609375 0.6609375 0.34687500000000004 0.66875 0.334375 0.690625 0.3359375 0.7203124999999999 0.35624999999999996 0.7421875 0.3828125 0.7390625 0.4 0.71875 0.4 0.6812499999999999 0.37812500000000004 0.6609375
0 0.6625000000000001 0.55625 0.6421874999999999 0.528125 0.6296875 0.5234375 0.60625 0.5265625 0.590625 0.5390625 0.5828125 0.55625 0.5828125 0.584375 0.603125 0.609375 0.6203125 0.6156250000000001 0.6359375 0.6125 0.6578124999999999 0.59375 0.6625000000000001 0.55625