1 0.76875 0.609375 0.7828124999999999 0.60625 0.796875 0.5859375 0.7953125000000001 0.5671875 0.7796875000000001 0.546875 0.7562500000000001 0.546875 0.7437499999999999 0.5640625 0.7484375000000001 0.59375 0.76875 0.609375
2 0.8343750000000001 0.55 0.8531249999999999 0.5703125 0.875 0.571875 0.89375 0.553125 0.89375 0.5234375 0.878125 0.5 0.8500000000000001 0.49531250000000004 0.8359375 0.50625 0.8296874999999999 0.521875 0.8343750000000001 0.55
0 0.8234375 0.35624999999999996 0.8546875 0.3984375 0.8703125 0.396875 0.8812500000000001 0.38749999999999996 0.8875 0.37187499999999996 0.8859375 0.35468750000000004 0.8765624999999999 0.3359375 0.8578125000000001 0.32499999999999996 0.8359375 0.328125 0.8234375 0.3453125 0.8234375 0.35624999999999996
1 0.7078125 0.22031250000000002 0.7250000000000001 0.21875 0.7359374999999999 0.2078125 0.7359374999999999 0.1875 0.7265625 0.17343750000000002 0.70625 0.1671875 0.6890624999999999 0.1828125 0.6890624999999999 0.20156249999999998 0.7078125 0.22031250000000002
1 0.53125 0.2421875 0.5515625 0.2453125 0.5671875 0.2296875 0.5671875 0.2078125 0.553125 0.1921875 0.53125 0.18906250000000002 0.51875 0.2 0.5171875 0.22499999999999998 0.53125 0.2421875
2 0.484375 0.35624999999999996 0.509375 0.353125 0.525 0.33125000000000004 0.521875 0.303125 0.49687499999999996 0.2828125 0.4703125 0.2875 0.45625000000000004 0.30781250000000004 0.4609375 0.3375 0.484375 0.35624999999999996
0 0.28125 0.303125 0.30781250000000004 0.3140625 0.3265625 0.30937499999999996 0.34062499999999996 0.296875 0.3453125 0.2640625 0.328125 0.2390625 0.2984375 0.23281249999999998 0.275 0.246875 0.2671875 0.275 0.28125 0.303125
0 0.275 0.42500000000000004 0.296875 0.4515625 0.321875 0.4546875 0.34687500000000004 0.4375 0.35468750000000004 0.415625 0.353125 0.4 0.34687500000000004 0.38593750000000004 0.3296875 0.37187499999999996 0.3 0.37031250000000004 0.2765625 0.3921875 0.275 0.42500000000000004
1 0.38125 0.4546875 0.40156250000000004 0.4609375 0.4234375 0.4453125 0.42656249999999996 0.41874999999999996 0.4125 0.4 0.38749999999999996 0.396875 0.36875 0.415625 0.36875 0.4375 0.38125 0.4546875
2 0.7437499999999999 0.7703125 0.7671874999999999 0.7859375 0.7906249999999999 0.78125 0.8062499999999999 0.753125 0.8031250000000001 0.7250000000000001 0.7828124999999999 0.7 0.7609375 0.6968749999999999 0.7484375000000001 0.703125 0.734375 0.7296875 0.7437499999999999 0.7703125
3 0.6 0.71875 0.6171875 0.7390625 0.64375 0.7421875 0.6640625 0.7203124999999999 0.6656249999999999 0.690625 0.653125 0.66875 0.6390625000000001 0.6609375 0.621875 0.6609375 0.6 0.6812499999999999 0.6 0.71875
0 0.3375 0.55625 0.3421875 0.59375 0.36406249999999996 0.6125 0.37968749999999996 0.6156250000000001 0.396875 0.609375 0.41718750000000004 0.584375 0.41718750000000004 0.55625 0.40937500000000004 0.5390625 0.39375000000000004 0.5265625 0.37031250000000004 0.5234375 0.3578125 0.528125 0.3375 0.55625