2 0.6859375000000001 0.33281249999999996 0.6546875000000001 0.35 0.6546875000000001 0.37812500000000004 0.6640625 0.39375000000000004 0.6781250000000001 0.40156250000000004 0.7093750000000001 0.3984375 0.7281249999999999 0.384375 0.734375 0.35624999999999996 0.7250000000000001 0.3421875 0.7046874999999999 0.33281249999999996 0.6859375000000001 0.33281249999999996
2 0.7375 0.7296875 0.7390625 0.746875 0.7625 0.765625 0.7921875 0.765625 0.8171875 0.75 0.825 0.7281249999999999 0.809375 0.7046874999999999 0.7765625 0.6984375 0.7437499999999999 0.715625 0.7375 0.7296875
1 0.8843749999999999 0.7281249999999999 0.8656250000000001 0.7375 0.8578125000000001 0.7609375 0.8625 0.7718750000000001 0.878125 0.78125 0.8953125 0.7828124999999999 0.91875 0.7718750000000001 0.9265625 0.7593749999999999 0.9234374999999999 0.7390625 0.9046875000000001 0.7281249999999999 0.8843749999999999 0.7281249999999999
0 0.653125 0.6812499999999999 0.6312500000000001 0.675 0.60625 0.6796875 0.5890625 0.690625 0.58125 0.7109375 0.5828125 0.7250000000000001 0.6046875 0.7437499999999999 0.6343749999999999 0.7453125 0.6578124999999999 0.734375 0.6703125000000001 0.7109375 0.6656249999999999 0.6921875 0.653125 0.6812499999999999
1 0.6125 0.8515625 0.64375 0.8500000000000001 0.65625 0.8390625 0.6609375 0.8187500000000001 0.6546875000000001 0.8078125 0.6234375000000001 0.7984374999999999 0.5984375 0.8125 0.5953125 0.8390625 0.6125 0.8515625
2 0.43125 0.6359375 0.43437499999999996 0.6578124999999999 0.45781249999999996 0.6734374999999999 0.48750000000000004 0.671875 0.509375 0.65625 0.5125 0.6265624999999999 0.49687499999999996 0.609375 0.459375 0.6078125 0.4359375 0.625 0.43125 0.6359375
0 0.3453125 0.559375 0.3203125 0.5734375 0.3140625 0.6015625 0.32499999999999996 0.6171875 0.3359375 0.621875 0.365625 0.621875 0.38593750000000004 0.6078125 0.39375000000000004 0.5859375 0.3828125 0.5671875 0.365625 0.559375 0.3453125 0.559375
0 0.503125 0.36406249999999996 0.4671875 0.384375 0.4609375 0.40156250000000004 0.46406250000000004 0.41718750000000004 0.48750000000000004 0.4359375 0.51875 0.4359375 0.54375 0.41874999999999996 0.5515625 0.390625 0.5421875 0.375 0.5203125 0.36406249999999996 0.503125 0.36406249999999996
1 0.40312499999999996 0.40312499999999996 0.42500000000000004 0.4046875 0.44843750000000004 0.3921875 0.4546875 0.36875 0.4453125 0.35468750000000004 0.40937500000000004 0.353125 0.3890625 0.36406249999999996 0.390625 0.38749999999999996 0.40312499999999996 0.40312499999999996
1 0.15 0.515625 0.175 0.5171875 0.18906250000000002 0.5109375 0.20156249999999998 0.4921875 0.19687500000000002 0.475 0.17343750000000002 0.4625 0.14375 0.47187500000000004 0.134375 0.4984375 0.15 0.515625
0 0.09687499999999999 0.521875 0.065625 0.5390625 0.0578125 0.5671875 0.0640625 0.5796875 0.08281250000000001 0.5921875 0.11406250000000001 0.5921875 0.140625 0.5734375 0.146875 0.553125 0.1359375 0.5328125 0.115625 0.521875 0.09687499999999999 0.521875