2 0.3140625 0.6671875 0.3453125 0.6499999999999999 0.3453125 0.621875 0.3359375 0.60625 0.321875 0.5984375 0.290625 0.6015625 0.271875 0.6156250000000001 0.265625 0.64375 0.275 0.6578124999999999 0.2953125 0.6671875 0.3140625 0.6671875
2 0.2625 0.2703125 0.2609375 0.253125 0.2375 0.234375 0.2078125 0.234375 0.1828125 0.25 0.175 0.271875 0.190625 0.2953125 0.2234375 0.3015625 0.25625 0.284375 0.2625 0.2703125
1 0.115625 0.271875 0.134375 0.2625 0.1421875 0.2390625 0.1375 0.22812500000000002 0.12187500000000001 0.21875 0.10468749999999999 0.21718749999999998 0.08124999999999999 0.22812500000000002 0.0734375 0.24062499999999998 0.0765625 0.2609375 0.0953125 0.271875 0.115625 0.271875
0 0.34687500000000004 0.31875 0.36875 0.32499999999999996 0.39375000000000004 0.3203125 0.41093749999999996 0.30937499999999996 0.41874999999999996 0.2890625 0.41718750000000004 0.275 0.39531249999999996 0.25625 0.365625 0.2546875 0.3421875 0.265625 0.3296875 0.2890625 0.334375 0.30781250000000004 0.34687500000000004 0.31875
1 0.38749999999999996 0.1484375 0.35624999999999996 0.15 0.34375 0.1609375 0.33906250000000004 0.18125000000000002 0.3453125 0.1921875 0.3765625 0.20156249999999998 0.40156250000000004 0.1875 0.4046875 0.1609375 0.38749999999999996 0.1484375
2 0.56875 0.36406249999999996 0.565625 0.3421875 0.5421875 0.3265625 0.5125 0.328125 0.490625 0.34375 0.48750000000000004 0.3734375 0.503125 0.390625 0.540625 0.3921875 0.5640625 0.375 0.56875 0.36406249999999996
0 0.6546875000000001 0.44062500000000004 0.6796875 0.42656249999999996 0.6859375000000001 0.3984375 0.675 0.3828125 0.6640625 0.37812500000000004 0.6343749999999999 0.37812500000000004 0.6140625 0.3921875 0.60625 0.4140625 0.6171875 0.43281250000000004 0.6343749999999999 0.44062500000000004 0.6546875000000001 0.44062500000000004
0 0.49687499999999996 0.6359375 0.5328125 0.6156250000000001 0.5390625 0.5984375 0.5359375 0.5828125 0.5125 0.5640625 0.48124999999999996 0.5640625 0.45625000000000004 0.58125 0.44843750000000004 0.609375 0.45781249999999996 0.625 0.47968750000000004 0.6359375 0.49687499999999996 0.6359375
1 0.596875 0.596875 0.575 0.5953125 0.5515625 0.6078125 0.5453125 0.6312500000000001 0.5546875 0.6453125 0.590625 0.6468750000000001 0.6109375 0.6359375 0.609375 0.6125 0.596875 0.596875
1 0.8500000000000001 0.484375 0.825 0.4828125 0.8109375000000001 0.48906249999999996 0.7984374999999999 0.5078125 0.8031250000000001 0.525 0.8265625000000001 0.5375 0.85625 0.528125 0.8656250000000001 0.5015625 0.8500000000000001 0.484375
0 0.903125 0.478125 0.934375 0.4609375 0.9421875 0.43281250000000004 0.9359375000000001 0.4203125 0.9171875 0.4078125 0.8859375 0.4078125 0.859375 0.42656249999999996 0.8531249999999999 0.446875 0.8640625 0.4671875 0.8843749999999999 0.478125 0.903125 0.478125