2 0.6671875 0.6859375000000001 0.6499999999999999 0.6546875000000001 0.621875 0.6546875000000001 0.60625 0.6640625 0.5984375 0.6781250000000001 0.6015625 0.7093750000000001 0.6156250000000001 0.7281249999999999 0.64375 0.734375 0.6578124999999999 0.7250000000000001 0.6671875 0.7046874999999999 0.6671875 0.6859375000000001
2 0.284375 0.7437499999999999 0.2703125 0.7375 0.253125 0.7390625 0.234375 0.7625 0.234375 0.7921875 0.25 0.8171875 0.271875 0.825 0.2953125 0.809375 0.3015625 0.7765625 0.284375 0.7437499999999999
1 0.271875 0.8843749999999999 0.2625 0.8656250000000001 0.2390625 0.8578125000000001 0.22812500000000002 0.8625 0.21875 0.878125 0.21718749999999998 0.8953125 0.22812500000000002 0.91875 0.24062499999999998 0.9265625 0.2609375 0.9234374999999999 0.271875 0.9046875000000001 0.271875 0.8843749999999999
0 0.32499999999999996 0.6312500000000001 0.3203125 0.60625 0.30937499999999996 0.5890625 0.2890625 0.58125 0.275 0.5828125 0.25625 0.6046875 0.2546875 0.6343749999999999 0.265625 0.6578124999999999 0.2890625 0.6703125000000001 0.30781250000000004 0.6656249999999999 0.31875 0.653125 0.32499999999999996 0.6312500000000001
1 0.1875 0.5984375 0.1609375 0.5953125 0.1484375 0.6125 0.15 0.64375 0.1609375 0.65625 0.18125000000000002 0.6609375 0.1921875 0.6546875000000001 0.20156249999999998 0.6234375000000001 0.1875 0.5984375
2 0.375 0.4359375 0.36406249999999996 0.43125 0.3421875 0.43437499999999996 0.3265625 0.45781249999999996 0.328125 0.48750000000000004 0.34375 0.509375 0.3734375 0.5125 0.390625 0.49687499999999996 0.3921875 0.459375 0.375 0.4359375
0 0.44062500000000004 0.3453125 0.42656249999999996 0.3203125 0.3984375 0.3140625 0.3828125 0.32499999999999996 0.37812500000000004 0.3359375 0.37812500000000004 0.365625 0.3921875 0.38593750000000004 0.4140625 0.39375000000000004 0.43281250000000004 0.3828125 0.44062500000000004 0.365625 0.44062500000000004 0.3453125
0 0.6359375 0.503125 0.6156250000000001 0.4671875 0.5984375 0.4609375 0.5828125 0.46406250000000004 0.5640625 0.48750000000000004 0.5640625 0.51875 0.58125 0.54375 0.609375 0.5515625 0.625 0.5421875 0.6359375 0.5203125 0.6359375 0.503125
1 0.6359375 0.3890625 0.6125 0.390625 0.596875 0.40312499999999996 0.5953125 0.42500000000000004 0.6078125 0.44843750000000004 0.6312500000000001 0.4546875 0.6453125 0.4453125 0.6468750000000001 0.40937500000000004 0.6359375 0.3890625
1 0.528125 0.14375 0.5015625 0.134375 0.484375 0.15 0.4828125 0.175 0.48906249999999996 0.18906250000000002 0.5078125 0.20156249999999998 0.525 0.19687500000000002 0.5375 0.17343750000000002 0.528125 0.14375
0 0.478125 0.09687499999999999 0.4609375 0.065625 0.43281250000000004 0.0578125 0.4203125 0.0640625 0.4078125 0.08281250000000001 0.4078125 0.11406250000000001 0.42656249999999996 0.140625 0.446875 0.146875 0.4671875 0.1359375 0.478125 0.115625 0.478125 0.09687499999999999