0 0.5796875 0.11406250000000001 0.5875 0.1453125 0.60625 0.15781250000000002 0.6328125 0.1515625 0.6499999999999999 0.128125 0.6515625 0.09843750000000001 0.6453125 0.084375 0.6296875 0.071875 0.5984375 0.078125 0.5875 0.09062500000000001 0.5796875 0.11406250000000001
1 0.653125 0.23593750000000002 0.66875 0.22499999999999998 0.6765625 0.20937499999999998 0.675 0.184375 0.6546875000000001 0.16875 0.6296875 0.18125000000000002 0.621875 0.2140625 0.6343749999999999 0.23281249999999998 0.653125 0.23593750000000002
3 0.4609375 0.36406249999999996 0.48124999999999996 0.36875 0.4984375 0.359375 0.5125 0.33281249999999996 0.509375 0.30625 0.48906249999999996 0.2890625 0.47187500000000004 0.290625 0.45625000000000004 0.303125 0.446875 0.34062499999999996 0.4609375 0.36406249999999996
1 0.6499999999999999 0.5140625 0.659375 0.509375 0.6703125000000001 0.48906249999999996 0.66875 0.45781249999999996 0.64375 0.44843750000000004 0.6234375000000001 0.4609375 0.6171875 0.4859375 0.6296875 0.5109375 0.6499999999999999 0.5140625
0 0.5515625 0.5390625 0.5515625 0.5640625 0.5640625 0.5859375 0.5859375 0.59375 0.6125 0.5796875 0.6234375000000001 0.5546875 0.6203125 0.5234375 0.6125 0.5109375 0.5953125 0.503125 0.5796875 0.5046875 0.5609375 0.51875 0.5515625 0.5390625
2 0.3515625 0.43281250000000004 0.3578125 0.446875 0.38125 0.45781249999999996 0.4046875 0.44843750000000004 0.41718750000000004 0.4296875 0.41874999999999996 0.3984375 0.4 0.3765625 0.3828125 0.375 0.36875 0.38125 0.3515625 0.4078125 0.3515625 0.43281250000000004
0 0.22031250000000002 0.5375 0.23593750000000002 0.5640625 0.25625 0.56875 0.2796875 0.5546875 0.2921875 0.5265625 0.2890625 0.4984375 0.2640625 0.48124999999999996 0.2453125 0.484375 0.23281249999999998 0.49375 0.221875 0.5171875 0.22031250000000002 0.5375
1 0.1515625 0.5109375 0.171875 0.49687499999999996 0.1796875 0.47343749999999996 0.1765625 0.459375 0.159375 0.44375 0.134375 0.453125 0.1234375 0.4859375 0.134375 0.50625 0.1515625 0.5109375
2 0.5109375 0.7593749999999999 0.53125 0.7734375 0.553125 0.76875 0.571875 0.7437499999999999 0.5734375 0.7109375 0.5671875 0.7 0.553125 0.6937500000000001 0.5140625 0.703125 0.5046875 0.7250000000000001 0.5109375 0.7593749999999999
2 0.1421875 0.6859375000000001 0.16249999999999998 0.7 0.1875 0.6921875 0.20468750000000002 0.6656249999999999 0.20468750000000002 0.6359375 0.1828125 0.6140625 0.15468749999999998 0.6203125 0.1375 0.6468750000000001 0.1359375 0.66875 0.1421875 0.6859375000000001
1 0.10468749999999999 0.7828124999999999 0.11875 0.7749999999999999 0.13125 0.7515624999999999 0.1296875 0.7296875 0.11249999999999999 0.7140625 0.0859375 0.7234375 0.075 0.7546875 0.0859375 0.778125 0.10468749999999999 0.7828124999999999