0 0.4125 0.09062500000000001 0.40156250000000004 0.078125 0.37031250000000004 0.071875 0.35468750000000004 0.084375 0.34843749999999996 0.09843750000000001 0.35 0.128125 0.3671875 0.1515625 0.39375000000000004 0.15781250000000002 0.4125 0.1453125 0.4203125 0.11406250000000001 0.4125 0.09062500000000001
1 0.37031250000000004 0.18125000000000002 0.3453125 0.16875 0.32499999999999996 0.184375 0.32343750000000004 0.20937499999999998 0.33125000000000004 0.22499999999999998 0.34687500000000004 0.23593750000000002 0.365625 0.23281249999999998 0.37812500000000004 0.2140625 0.37031250000000004 0.18125000000000002
3 0.54375 0.303125 0.528125 0.290625 0.5109375 0.2890625 0.490625 0.30625 0.48750000000000004 0.33281249999999996 0.5015625 0.359375 0.51875 0.36875 0.5390625 0.36406249999999996 0.553125 0.34062499999999996 0.54375 0.303125
1 0.3765625 0.4609375 0.35624999999999996 0.44843750000000004 0.33125000000000004 0.45781249999999996 0.3296875 0.48906249999999996 0.34062499999999996 0.509375 0.35 0.5140625 0.37031250000000004 0.5109375 0.3828125 0.4859375 0.3765625 0.4609375
0 0.44843750000000004 0.5390625 0.4390625 0.51875 0.4203125 0.5046875 0.4046875 0.503125 0.38749999999999996 0.5109375 0.37968749999999996 0.5234375 0.3765625 0.5546875 0.38749999999999996 0.5796875 0.4140625 0.59375 0.4359375 0.5859375 0.44843750000000004 0.5640625 0.44843750000000004 0.5390625
2 0.6484375 0.4078125 0.6312500000000001 0.38125 0.6171875 0.375 0.6 0.3765625 0.58125 0.3984375 0.5828125 0.4296875 0.5953125 0.44843750000000004 0.6187499999999999 0.45781249999999996 0.6421874999999999 0.446875 0.6484375 0.43281250000000004 0.6484375 0.4078125
0 0.778125 0.5171875 0.7671874999999999 0.49375 0.7546875 0.484375 0.7359374999999999 0.48124999999999996 0.7109375 0.4984375 0.7078125 0.5265625 0.7203124999999999 0.5546875 0.7437499999999999 0.56875 0.7640625000000001 0.5640625 0.7796875000000001 0.5375 0.778125 0.5171875
1 0.8656250000000001 0.453125 0.840625 0.44375 0.8234375 0.459375 0.8203125 0.47343749999999996 0.828125 0.49687499999999996 0.8484375 0.5109375 0.8656250000000001 0.50625 0.8765624999999999 0.4859375 0.8656250000000001 0.453125
2 0.4859375 0.703125 0.446875 0.6937500000000001 0.43281250000000004 0.7 0.42656249999999996 0.7109375 0.428125 0.7437499999999999 0.446875 0.76875 0.46875 0.7734375 0.48906249999999996 0.7593749999999999 0.49531250000000004 0.7250000000000001 0.4859375 0.703125
2 0.8625 0.6468750000000001 0.8453124999999999 0.6203125 0.8171875 0.6140625 0.7953125000000001 0.6359375 0.7953125000000001 0.6656249999999999 0.8125 0.6921875 0.8374999999999999 0.7 0.8578125000000001 0.6859375000000001 0.8640625 0.66875 0.8625 0.6468750000000001
1 0.9140625 0.7234375 0.8875 0.7140625 0.8703125 0.7296875 0.8687499999999999 0.7515624999999999 0.8812500000000001 0.7749999999999999 0.8953125 0.7828124999999999 0.9140625 0.778125 0.925 0.7546875 0.9140625 0.7234375