1 0.825 0.46562499999999996 0.8046875 0.46562499999999996 0.7875000000000001 0.48750000000000004 0.7906249999999999 0.5125 0.8140624999999999 0.5296875 0.8296874999999999 0.525 0.8421875000000001 0.50625 0.8390625 0.48124999999999996 0.825 0.46562499999999996
2 0.8 0.6781250000000001 0.7984374999999999 0.6468750000000001 0.7828124999999999 0.628125 0.7578125 0.6234375000000001 0.7406250000000001 0.6343749999999999 0.7328125000000001 0.6499999999999999 0.734375 0.6828125 0.7609375 0.70625 0.7859375 0.7 0.8 0.6781250000000001
1 0.828125 0.7296875 0.8078125 0.7296875 0.7921875 0.7484375000000001 0.7921875 0.7718750000000001 0.8125 0.79375 0.8343750000000001 0.7906249999999999 0.8453124999999999 0.7734375 0.84375 0.746875 0.828125 0.7296875
0 0.7375 0.5453125 0.734375 0.5078125 0.71875 0.490625 0.690625 0.48750000000000004 0.675 0.49687499999999996 0.6671875 0.515625 0.6703125000000001 0.546875 0.6937500000000001 0.5703125 0.71875 0.5671875 0.7375 0.5453125
2 0.5984375 0.36875 0.575 0.37187499999999996 0.5578125 0.396875 0.5640625 0.43437499999999996 0.5890625 0.44999999999999996 0.6078125 0.446875 0.6265624999999999 0.4125 0.6203125 0.38593750000000004 0.5984375 0.36875
0 0.4453125 0.1 0.44375 0.075 0.421875 0.05 0.39531249999999996 0.0515625 0.384375 0.059375 0.375 0.078125 0.3765625 0.1078125 0.40156250000000004 0.1328125 0.43125 0.1265625 0.4453125 0.1
1 0.3734375 0.140625 0.34843749999999996 0.1421875 0.3359375 0.1609375 0.34062499999999996 0.190625 0.3578125 0.203125 0.37812500000000004 0.1984375 0.3890625 0.18125000000000002 0.38593750000000004 0.153125 0.3734375 0.140625
3 0.5234375 0.2765625 0.5015625 0.275 0.47968750000000004 0.2984375 0.48124999999999996 0.328125 0.5015625 0.35 0.525 0.34843749999999996 0.5421875 0.3265625 0.540625 0.2953125 0.5234375 0.2765625
1 0.334375 0.40937500000000004 0.30781250000000004 0.4078125 0.2953125 0.421875 0.2984375 0.4515625 0.3140625 0.46875 0.334375 0.46562499999999996 0.34687500000000004 0.4515625 0.34687500000000004 0.4234375 0.334375 0.40937500000000004
0 0.38593750000000004 0.546875 0.396875 0.5359375 0.4046875 0.5140625 0.4 0.4859375 0.37968749999999996 0.4671875 0.3515625 0.46875 0.33281249999999996 0.49531250000000004 0.334375 0.5265625 0.35 0.546875 0.3609375 0.5515625 0.38593750000000004 0.546875
2 0.4203125 0.7 0.4203125 0.6765625 0.3984375 0.653125 0.37968749999999996 0.6499999999999999 0.36250000000000004 0.659375 0.35468750000000004 0.671875 0.353125 0.703125 0.375 0.7281249999999999 0.40156250000000004 0.7265625 0.4203125 0.7