1 0.8531249999999999 0.23593750000000002 0.8265625000000001 0.2375 0.815625 0.2515625 0.8125 0.2796875 0.828125 0.2984375 0.8484375 0.2984375 0.8640625 0.2828125 0.8671875 0.25625 0.8531249999999999 0.23593750000000002
1 0.825 0.5 0.8046875 0.5 0.7875000000000001 0.5171875 0.7859375 0.540625 0.8015625 0.5609375 0.8218749999999999 0.5609375 0.8359375 0.546875 0.840625 0.521875 0.825 0.5
2 0.7984374999999999 0.321875 0.7734375 0.31718749999999996 0.7484375000000001 0.33906250000000004 0.7453125 0.375 0.765625 0.3984375 0.7921875 0.396875 0.8109375000000001 0.375 0.8140624999999999 0.34843749999999996 0.7984374999999999 0.321875
2 0.6734374999999999 0.5171875 0.690625 0.5296875 0.7093750000000001 0.53125 0.721875 0.525 0.7359374999999999 0.50625 0.7390625 0.47343749999999996 0.721875 0.44999999999999996 0.6968749999999999 0.446875 0.6796875 0.45781249999999996 0.6703125000000001 0.47343749999999996 0.6671875 0.49687499999999996 0.6734374999999999 0.5171875
2 0.6156250000000001 0.6109375 0.6140625 0.578125 0.59375 0.5578125 0.565625 0.5609375 0.5484375 0.590625 0.5484375 0.6125 0.5546875 0.625 0.575 0.6390625000000001 0.5984375 0.6343749999999999 0.6156250000000001 0.6109375
3 0.509375 0.6515625 0.48906249999999996 0.6484375 0.46562499999999996 0.66875 0.4625 0.7015625000000001 0.484375 0.7250000000000001 0.5109375 0.7203124999999999 0.5234375 0.7046874999999999 0.5265625 0.6765625 0.509375 0.6515625
2 0.4359375 0.31718749999999996 0.4359375 0.2859375 0.415625 0.2625 0.38749999999999996 0.265625 0.37031250000000004 0.2875 0.36875 0.3125 0.3765625 0.3296875 0.3890625 0.3375 0.40937500000000004 0.3375 0.4359375 0.31718749999999996
0 0.384375 0.4390625 0.3578125 0.4375 0.334375 0.4625 0.334375 0.4984375 0.35468750000000004 0.5203125 0.38125 0.5203125 0.40156250000000004 0.4984375 0.40312499999999996 0.4625 0.384375 0.4390625
1 0.33906250000000004 0.565625 0.34375 0.5390625 0.3265625 0.515625 0.3109375 0.5140625 0.296875 0.5234375 0.2890625 0.54375 0.2890625 0.5625 0.296875 0.5734375 0.3203125 0.5765625 0.33906250000000004 0.565625
1 0.34375 0.784375 0.321875 0.7859375 0.30781250000000004 0.8031250000000001 0.30937499999999996 0.8328125 0.32343750000000004 0.846875 0.3453125 0.8453124999999999 0.3609375 0.8218749999999999 0.359375 0.8015625 0.34375 0.784375
0 0.36875 0.9421875 0.3921875 0.9359375000000001 0.40937500000000004 0.9078124999999999 0.4078125 0.8812500000000001 0.38593750000000004 0.8578125000000001 0.37031250000000004 0.85625 0.353125 0.8640625 0.33906250000000004 0.8843749999999999 0.3375 0.9078124999999999 0.34375 0.925 0.36875 0.9421875