1 0.146875 0.7640625000000001 0.17343750000000002 0.7625 0.184375 0.7484375000000001 0.1875 0.7203124999999999 0.171875 0.7015625000000001 0.1515625 0.7015625000000001 0.1359375 0.7171875000000001 0.1328125 0.7437499999999999 0.146875 0.7640625000000001
1 0.175 0.5 0.1953125 0.5 0.21250000000000002 0.4828125 0.2140625 0.459375 0.1984375 0.4390625 0.17812499999999998 0.4390625 0.1640625 0.453125 0.159375 0.478125 0.175 0.5
2 0.20156249999999998 0.6781250000000001 0.2265625 0.6828125 0.2515625 0.6609375 0.2546875 0.625 0.234375 0.6015625 0.2078125 0.603125 0.18906250000000002 0.625 0.18593749999999998 0.6515625 0.20156249999999998 0.6781250000000001
2 0.3265625 0.4828125 0.30937499999999996 0.4703125 0.290625 0.46875 0.278125 0.475 0.2640625 0.49375 0.2609375 0.5265625 0.278125 0.55 0.303125 0.553125 0.3203125 0.5421875 0.3296875 0.5265625 0.33281249999999996 0.503125 0.3265625 0.4828125
2 0.384375 0.3890625 0.38593750000000004 0.421875 0.40625 0.44218749999999996 0.43437499999999996 0.4390625 0.4515625 0.40937500000000004 0.4515625 0.38749999999999996 0.4453125 0.375 0.42500000000000004 0.3609375 0.40156250000000004 0.365625 0.384375 0.3890625
3 0.490625 0.34843749999999996 0.5109375 0.3515625 0.534375 0.33125000000000004 0.5375 0.2984375 0.515625 0.275 0.48906249999999996 0.2796875 0.4765625 0.2953125 0.47343749999999996 0.32343750000000004 0.490625 0.34843749999999996
2 0.5640625 0.6828125 0.5640625 0.7140625 0.584375 0.7375 0.6125 0.734375 0.6296875 0.7124999999999999 0.6312500000000001 0.6875 0.6234375000000001 0.6703125000000001 0.6109375 0.6625000000000001 0.590625 0.6625000000000001 0.5640625 0.6828125
0 0.6156250000000001 0.5609375 0.6421874999999999 0.5625 0.6656249999999999 0.5375 0.6656249999999999 0.5015625 0.6453125 0.47968750000000004 0.6187499999999999 0.47968750000000004 0.5984375 0.5015625 0.596875 0.5375 0.6156250000000001 0.5609375
1 0.6609375 0.43437499999999996 0.65625 0.4609375 0.6734374999999999 0.484375 0.6890624999999999 0.4859375 0.703125 0.4765625 0.7109375 0.45625000000000004 0.7109375 0.4375 0.703125 0.42656249999999996 0.6796875 0.4234375 0.6609375 0.43437499999999996
1 0.65625 0.215625 0.6781250000000001 0.2140625 0.6921875 0.19687500000000002 0.690625 0.1671875 0.6765625 0.153125 0.6546875000000001 0.15468749999999998 0.6390625000000001 0.17812499999999998 0.640625 0.1984375 0.65625 0.215625
0 0.6312500000000001 0.0578125 0.6078125 0.0640625 0.590625 0.0921875 0.5921875 0.11875 0.6140625 0.1421875 0.6296875 0.14375 0.6468750000000001 0.1359375 0.6609375 0.115625 0.6625000000000001 0.0921875 0.65625 0.075 0.6312500000000001 0.0578125