1 0.171875 0.2703125 0.1921875 0.2703125 0.2078125 0.2515625 0.203125 0.21875 0.18593749999999998 0.20625 0.16562500000000002 0.20937499999999998 0.15468749999999998 0.2265625 0.15625 0.2546875 0.171875 0.2703125
1 0.175 0.534375 0.1984375 0.5328125 0.21250000000000002 0.5125 0.20937499999999998 0.48750000000000004 0.18593749999999998 0.4703125 0.17031249999999998 0.475 0.15781250000000002 0.49531250000000004 0.16249999999999998 0.521875 0.175 0.534375
0 0.2640625 0.453125 0.2640625 0.484375 0.28125 0.509375 0.30781250000000004 0.5125 0.32499999999999996 0.5015625 0.33281249999999996 0.484375 0.3296875 0.453125 0.30625 0.4296875 0.2828125 0.43125 0.2640625 0.453125
2 0.40156250000000004 0.6312500000000001 0.42500000000000004 0.628125 0.44218749999999996 0.6015625 0.4390625 0.571875 0.41718750000000004 0.5515625 0.3890625 0.55625 0.375 0.5796875 0.37968749999999996 0.6140625 0.40156250000000004 0.6312500000000001
2 0.2 0.3203125 0.20156249999999998 0.353125 0.2234375 0.375 0.2421875 0.3765625 0.2546875 0.37031250000000004 0.26875 0.3421875 0.2609375 0.30937499999999996 0.2390625 0.29375 0.215625 0.2984375 0.2 0.3203125
0 0.5546875 0.8984375 0.55625 0.925 0.578125 0.95 0.6046875 0.9484375 0.6187499999999999 0.9359375000000001 0.625 0.9203125000000001 0.6234375000000001 0.8921874999999999 0.5984375 0.8671875 0.5734375 0.8703125 0.5546875 0.8984375
3 0.4765625 0.7234375 0.5046875 0.721875 0.521875 0.6937500000000001 0.515625 0.6656249999999999 0.49375 0.6484375 0.4703125 0.6546875000000001 0.45781249999999996 0.6734374999999999 0.459375 0.7046874999999999 0.4765625 0.7234375
1 0.6265624999999999 0.859375 0.6515625 0.8578125000000001 0.6640625 0.8390625 0.6640625 0.8187500000000001 0.64375 0.796875 0.6265624999999999 0.7984374999999999 0.6109375 0.8187500000000001 0.6140625 0.846875 0.6265624999999999 0.859375
1 0.6703125000000001 0.5921875 0.6921875 0.5921875 0.7046874999999999 0.578125 0.6984375 0.540625 0.6859375000000001 0.53125 0.6656249999999999 0.534375 0.6515625 0.553125 0.653125 0.578125 0.6703125000000001 0.5921875
0 0.6140625 0.453125 0.6 0.46875 0.5953125 0.484375 0.6 0.5140625 0.6203125 0.5328125 0.6484375 0.53125 0.6671875 0.5046875 0.6656249999999999 0.47343749999999996 0.6499999999999999 0.453125 0.6390625000000001 0.44843750000000004 0.6140625 0.453125
2 0.59375 0.2765625 0.5796875 0.3 0.5796875 0.32343750000000004 0.590625 0.3375 0.6078125 0.3453125 0.621875 0.34687500000000004 0.6390625000000001 0.33906250000000004 0.6468750000000001 0.321875 0.6421874999999999 0.2890625 0.6203125 0.2703125 0.59375 0.2765625