1 0.828125 0.7296875 0.8078125 0.7296875 0.7921875 0.7484375000000001 0.796875 0.78125 0.8140624999999999 0.79375 0.8343750000000001 0.7906249999999999 0.8453124999999999 0.7734375 0.84375 0.7453125 0.828125 0.7296875
1 0.825 0.46562499999999996 0.8015625 0.4671875 0.7875000000000001 0.48750000000000004 0.7906249999999999 0.5125 0.8140624999999999 0.5296875 0.8296874999999999 0.525 0.8421875000000001 0.5046875 0.8374999999999999 0.478125 0.825 0.46562499999999996
0 0.7359374999999999 0.546875 0.7359374999999999 0.515625 0.71875 0.490625 0.6921875 0.48750000000000004 0.675 0.4984375 0.6671875 0.515625 0.6703125000000001 0.546875 0.6937500000000001 0.5703125 0.7171875000000001 0.56875 0.7359374999999999 0.546875
2 0.5984375 0.36875 0.575 0.37187499999999996 0.5578125 0.3984375 0.5609375 0.428125 0.5828125 0.44843750000000004 0.6109375 0.44375 0.625 0.4203125 0.6203125 0.38593750000000004 0.5984375 0.36875
2 0.8 0.6796875 0.7984374999999999 0.6468750000000001 0.7765625 0.625 0.7578125 0.6234375000000001 0.7453125 0.6296875 0.73125 0.6578124999999999 0.7390625 0.690625 0.7609375 0.70625 0.784375 0.7015625000000001 0.8 0.6796875
0 0.4453125 0.1015625 0.44375 0.075 0.421875 0.05 0.39531249999999996 0.0515625 0.38125 0.0640625 0.375 0.0796875 0.3765625 0.1078125 0.40156250000000004 0.1328125 0.42656249999999996 0.1296875 0.4453125 0.1015625
3 0.5234375 0.2765625 0.49531250000000004 0.278125 0.478125 0.30625 0.484375 0.334375 0.50625 0.3515625 0.5296875 0.3453125 0.5421875 0.3265625 0.540625 0.2953125 0.5234375 0.2765625
1 0.3734375 0.140625 0.34843749999999996 0.1421875 0.3359375 0.1609375 0.3359375 0.18125000000000002 0.35624999999999996 0.203125 0.3734375 0.20156249999999998 0.3890625 0.18125000000000002 0.38593750000000004 0.153125 0.3734375 0.140625
1 0.3296875 0.4078125 0.30781250000000004 0.4078125 0.2953125 0.421875 0.3015625 0.459375 0.3140625 0.46875 0.334375 0.46562499999999996 0.34843749999999996 0.446875 0.34687500000000004 0.421875 0.3296875 0.4078125
0 0.38593750000000004 0.546875 0.4 0.53125 0.4046875 0.515625 0.4 0.4859375 0.37968749999999996 0.4671875 0.3515625 0.46875 0.33281249999999996 0.49531250000000004 0.334375 0.5265625 0.35 0.546875 0.3609375 0.5515625 0.38593750000000004 0.546875
2 0.40625 0.7234375 0.4203125 0.7 0.4203125 0.6765625 0.40937500000000004 0.6625000000000001 0.3921875 0.6546875000000001 0.37812500000000004 0.653125 0.3609375 0.6609375 0.353125 0.6781250000000001 0.3578125 0.7109375 0.37968749999999996 0.7296875 0.40625 0.7234375