1 0.50625 0.15781250000000002 0.48124999999999996 0.1609375 0.46562499999999996 0.175 0.46562499999999996 0.1953125 0.48750000000000004 0.21250000000000002 0.5125 0.20937499999999998 0.5296875 0.18593749999999998 0.525 0.17031249999999998 0.50625 0.15781250000000002
2 0.7 0.2140625 0.6781250000000001 0.2 0.6468750000000001 0.20156249999999998 0.628125 0.21718749999999998 0.6234375000000001 0.2421875 0.6343749999999999 0.259375 0.6499999999999999 0.2671875 0.6828125 0.265625 0.70625 0.2390625 0.7 0.2140625
1 0.7734375 0.15468749999999998 0.746875 0.15625 0.7296875 0.171875 0.7296875 0.1921875 0.7484375000000001 0.2078125 0.7718750000000001 0.2078125 0.79375 0.1875 0.7906249999999999 0.16562500000000002 0.7734375 0.15468749999999998
0 0.5671875 0.28125 0.5453125 0.2625 0.5078125 0.265625 0.490625 0.28125 0.48750000000000004 0.30937499999999996 0.49687499999999996 0.32499999999999996 0.515625 0.33281249999999996 0.546875 0.3296875 0.5703125 0.30625 0.5671875 0.28125
2 0.4125 0.3734375 0.38593750000000004 0.37968749999999996 0.36875 0.40156250000000004 0.37187499999999996 0.42500000000000004 0.396875 0.44218749999999996 0.43437499999999996 0.4359375 0.44999999999999996 0.41093749999999996 0.446875 0.3921875 0.4125 0.3734375
0 0.1265625 0.56875 0.1 0.5546875 0.075 0.55625 0.05 0.578125 0.0515625 0.6046875 0.059375 0.6156250000000001 0.078125 0.625 0.1078125 0.6234375000000001 0.1328125 0.5984375 0.1265625 0.56875
1 0.18125000000000002 0.6109375 0.153125 0.6140625 0.140625 0.6265624999999999 0.1421875 0.6515625 0.1609375 0.6640625 0.190625 0.659375 0.203125 0.6421874999999999 0.1984375 0.621875 0.18125000000000002 0.6109375
3 0.3265625 0.45781249999999996 0.2953125 0.459375 0.2765625 0.4765625 0.275 0.4984375 0.2984375 0.5203125 0.328125 0.51875 0.35 0.4984375 0.34843749999999996 0.475 0.3265625 0.45781249999999996
1 0.4515625 0.653125 0.4234375 0.653125 0.40937500000000004 0.6656249999999999 0.4078125 0.6921875 0.421875 0.7046874999999999 0.4515625 0.7015625000000001 0.46875 0.6859375000000001 0.46562499999999996 0.6656249999999999 0.4515625 0.653125
0 0.546875 0.6140625 0.5359375 0.603125 0.5140625 0.5953125 0.4859375 0.6 0.4671875 0.6203125 0.46875 0.6484375 0.49531250000000004 0.6671875 0.5265625 0.6656249999999999 0.546875 0.6499999999999999 0.5515625 0.6390625000000001 0.546875 0.6140625
2 0.7265625 0.5984375 0.7 0.5796875 0.6765625 0.5796875 0.653125 0.6015625 0.6499999999999999 0.6203125 0.659375 0.6375 0.671875 0.6453125 0.703125 0.6468750000000001 0.7281249999999999 0.625 0.7265625 0.5984375