1 0.7906249999999999 0.48750000000000004 0.7875000000000001 0.5125 0.8046875 0.534375 0.825 0.534375 0.8390625 0.51875 0.8421875000000001 0.49375 0.8296874999999999 0.475 0.8140624999999999 0.4703125 0.7906249999999999 0.48750000000000004
2 0.734375 0.31718749999999996 0.7328125000000001 0.35 0.7406250000000001 0.365625 0.7578125 0.3765625 0.7828124999999999 0.37187499999999996 0.7984374999999999 0.353125 0.8 0.321875 0.7859375 0.3 0.7609375 0.29375 0.734375 0.31718749999999996
1 0.7921875 0.22812500000000002 0.7921875 0.2515625 0.8078125 0.2703125 0.828125 0.2703125 0.84375 0.253125 0.8453124999999999 0.2265625 0.8343750000000001 0.20937499999999998 0.8125 0.20625 0.7921875 0.22812500000000002
0 0.6703125000000001 0.453125 0.6671875 0.484375 0.675 0.503125 0.690625 0.5125 0.71875 0.509375 0.734375 0.4921875 0.7375 0.4546875 0.71875 0.43281250000000004 0.6937500000000001 0.4296875 0.6703125000000001 0.453125
2 0.5640625 0.565625 0.5578125 0.603125 0.575 0.628125 0.5984375 0.6312500000000001 0.6203125 0.6140625 0.6265624999999999 0.5875 0.6078125 0.553125 0.5890625 0.55 0.5640625 0.565625
0 0.3765625 0.8921874999999999 0.375 0.921875 0.384375 0.940625 0.39531249999999996 0.9484375 0.421875 0.95 0.44375 0.925 0.4453125 0.8999999999999999 0.43125 0.8734375000000001 0.40156250000000004 0.8671875 0.3765625 0.8921874999999999
1 0.34062499999999996 0.809375 0.3359375 0.8390625 0.34843749999999996 0.8578125000000001 0.3734375 0.859375 0.38593750000000004 0.846875 0.3890625 0.8187500000000001 0.37812500000000004 0.8015625 0.3578125 0.796875 0.34062499999999996 0.809375
3 0.48124999999999996 0.671875 0.47968750000000004 0.7015625000000001 0.5015625 0.7250000000000001 0.5234375 0.7234375 0.540625 0.7046874999999999 0.5421875 0.6734374999999999 0.525 0.6515625 0.5015625 0.6499999999999999 0.48124999999999996 0.671875
1 0.2984375 0.5484375 0.2953125 0.578125 0.30781250000000004 0.5921875 0.334375 0.590625 0.34687500000000004 0.5765625 0.34687500000000004 0.5484375 0.334375 0.534375 0.3140625 0.53125 0.2984375 0.5484375
0 0.3609375 0.44843750000000004 0.35 0.453125 0.334375 0.47343749999999996 0.33281249999999996 0.5046875 0.3515625 0.53125 0.37968749999999996 0.5328125 0.4 0.5140625 0.4046875 0.4859375 0.396875 0.46406250000000004 0.38593750000000004 0.453125 0.3609375 0.44843750000000004
2 0.353125 0.296875 0.35468750000000004 0.328125 0.36250000000000004 0.34062499999999996 0.37968749999999996 0.35 0.3984375 0.34687500000000004 0.4203125 0.32343750000000004 0.4203125 0.3 0.40156250000000004 0.2734375 0.375 0.271875 0.353125 0.296875