1 0.2828125 0.1359375 0.25625 0.1328125 0.23593750000000002 0.146875 0.2375 0.17343750000000002 0.2515625 0.184375 0.2796875 0.1875 0.2984375 0.171875 0.2984375 0.1515625 0.2828125 0.1359375
1 0.546875 0.1640625 0.521875 0.159375 0.5 0.175 0.5 0.1953125 0.5171875 0.21250000000000002 0.540625 0.2140625 0.5609375 0.1984375 0.5609375 0.17812499999999998 0.546875 0.1640625
2 0.375 0.18906250000000002 0.34843749999999996 0.18593749999999998 0.321875 0.20156249999999998 0.31718749999999996 0.2265625 0.33906250000000004 0.2515625 0.375 0.2546875 0.3984375 0.234375 0.396875 0.2078125 0.375 0.18906250000000002
2 0.5296875 0.30937499999999996 0.53125 0.290625 0.525 0.278125 0.50625 0.2640625 0.47343749999999996 0.2609375 0.44999999999999996 0.278125 0.446875 0.303125 0.45781249999999996 0.3203125 0.47343749999999996 0.3296875 0.49687499999999996 0.33281249999999996 0.5171875 0.3265625 0.5296875 0.30937499999999996
2 0.6343749999999999 0.40156250000000004 0.6109375 0.384375 0.578125 0.38593750000000004 0.5578125 0.40625 0.5609375 0.43437499999999996 0.590625 0.4515625 0.6125 0.4515625 0.625 0.4453125 0.6390625000000001 0.42500000000000004 0.6343749999999999 0.40156250000000004
3 0.7046874999999999 0.4765625 0.6765625 0.47343749999999996 0.6515625 0.490625 0.6484375 0.5109375 0.66875 0.534375 0.7015625000000001 0.5375 0.7250000000000001 0.515625 0.7203124999999999 0.48906249999999996 0.7046874999999999 0.4765625
2 0.3375 0.590625 0.31718749999999996 0.5640625 0.2859375 0.5640625 0.2625 0.584375 0.265625 0.6125 0.2875 0.6296875 0.3125 0.6312500000000001 0.3296875 0.6234375000000001 0.3375 0.6109375 0.3375 0.590625
0 0.4984375 0.5984375 0.4625 0.596875 0.4390625 0.6156250000000001 0.4375 0.6421874999999999 0.4625 0.6656249999999999 0.4984375 0.6656249999999999 0.5203125 0.6453125 0.5203125 0.6187499999999999 0.4984375 0.5984375
1 0.5765625 0.6796875 0.565625 0.6609375 0.5390625 0.65625 0.515625 0.6734374999999999 0.5140625 0.6890624999999999 0.5234375 0.703125 0.54375 0.7109375 0.5625 0.7109375 0.5734375 0.703125 0.5765625 0.6796875
1 0.8218749999999999 0.6390625000000001 0.8015625 0.640625 0.784375 0.65625 0.7859375 0.6781250000000001 0.8031250000000001 0.6921875 0.8328125 0.690625 0.846875 0.6765625 0.8453124999999999 0.6546875000000001 0.8218749999999999 0.6390625000000001
0 0.9421875 0.6312500000000001 0.9359375000000001 0.6078125 0.9078124999999999 0.590625 0.8812500000000001 0.5921875 0.8578125000000001 0.6140625 0.85625 0.6296875 0.8640625 0.6468750000000001 0.8843749999999999 0.6609375 0.9078124999999999 0.6625000000000001 0.925 0.65625 0.9421875 0.6312500000000001