1 0.5598958341346154 0.2099609375 0.5709635408653846 0.201171875 0.578125 0.189453125 0.5787760408653846 0.177734375 0.5735677091346154 0.166015625 0.564453125 0.15771484375 0.5455729158653846 0.14990234375 0.5208333341346154 0.1494140625 0.5084635408653846 0.15380859375 0.49283854086538464 0.16552734375 0.48763020913461536 0.17431640625 0.48763020913461536 0.18798828125 0.49674479086538464 0.203125 0.509765625 0.21142578125 0.53125 0.21630859375 0.5423177091346154 0.21630859375 0.5598958341346154 0.2099609375
1 0.44986979086538464 0.2626953125 0.462890625 0.25634765625 0.474609375 0.244140625 0.47786458413461536 0.23486328125 0.47526041586538464 0.21630859375 0.46354166586538464 0.20458984375 0.44986979086538464 0.19775390625 0.42708333413461536 0.19580078125 0.412109375 0.1982421875 0.396484375 0.20654296875 0.38802083413461536 0.21630859375 0.38541666586538464 0.232421875 0.388671875 0.24267578125 0.39973958413461536 0.25537109375 0.41276041586538464 0.26171875 0.42708333413461536 0.26416015625 0.44986979086538464 0.2626953125
1 0.2688802091346154 0.43896484375 0.279296875 0.435546875 0.2942708341346154 0.423828125 0.30078125 0.41162109375 0.3020833341346154 0.400390625 0.2942708341346154 0.384765625 0.2838541658653846 0.376953125 0.2708333341346154 0.37158203125 0.24674479086538462 0.37060546875 0.22591145913461538 0.376953125 0.21549479086538462 0.38427734375 0.20833333413461538 0.39599609375 0.20768229086538462 0.408203125 0.21223958413461538 0.41943359375 0.22526041586538462 0.431640625 0.23177083413461538 0.435546875 0.24544270913461538 0.439453125 0.2688802091346154 0.43896484375
1 0.44205729086538464 0.40771484375 0.455078125 0.39794921875 0.462890625 0.38232421875 0.462890625 0.3720703125 0.455078125 0.3583984375 0.44270833413461536 0.34912109375 0.43098958413461536 0.34521484375 0.408203125 0.34423828125 0.39713541586538464 0.345703125 0.37825520913461536 0.357421875 0.37109375 0.37109375 0.37109375 0.38427734375 0.376953125 0.3955078125 0.38802083413461536 0.40478515625 0.40755208413461536 0.412109375 0.43098958413461536 0.412109375 0.44205729086538464 0.40771484375
1 0.5520833341346154 0.431640625 0.5670572908653846 0.42431640625 0.5768229158653846 0.4140625 0.580078125 0.40380859375 0.580078125 0.3935546875 0.5768229158653846 0.38427734375 0.5677083341346154 0.375 0.5540364591346154 0.3681640625 0.533203125 0.36474609375 0.5143229158653846 0.36767578125 0.49739583413461536 0.37841796875 0.48958333413461536 0.3896484375 0.48893229086538464 0.404296875 0.49609375 0.41796875 0.5091145841346154 0.427734375 0.521484375 0.43212890625 0.5403645841346154 0.43408203125 0.5520833341346154 0.431640625
1 0.6510416658653846 0.4462890625 0.6653645841346154 0.43505859375 0.6712239591346154 0.423828125 0.6712239591346154 0.4091796875 0.6640625 0.3974609375 0.6497395841346154 0.3876953125 0.6315104158653846 0.38232421875 0.615234375 0.3828125 0.5989583341346154 0.38818359375 0.5846354158653846 0.3994140625 0.5787760408653846 0.41162109375 0.5794270841346154 0.4228515625 0.5852864591346154 0.4345703125 0.5963541658653846 0.443359375 0.6171875 0.451171875 0.63671875 0.451171875 0.6510416658653846 0.4462890625
1 0.765625 0.431640625 0.775390625 0.4248046875 0.7838541658653846 0.41357421875 0.7858072908653846 0.396484375 0.7825520841346154 0.38818359375 0.7669270841346154 0.37451171875 0.7545572908653846 0.369140625 0.732421875 0.36767578125 0.7141927091346154 0.37255859375 0.6998697908653846 0.38232421875 0.6927083341346154 0.39501953125 0.6927083341346154 0.4091796875 0.6985677091346154 0.419921875 0.720703125 0.43505859375 0.7356770841346154 0.4375 0.7552083341346154 0.435546875 0.765625 0.431640625
1 0.357421875 0.5439453125 0.373046875 0.53662109375 0.38541666586538464 0.52099609375 0.38736979086538464 0.50634765625 0.3828125 0.49462890625 0.36848958413461536 0.48193359375 0.35807291586538464 0.4775390625 0.33268229086538464 0.4755859375 0.31770833413461536 0.47900390625 0.302734375 0.48828125 0.2936197908653846 0.5029296875 0.2936197908653846 0.5185546875 0.2994791658653846 0.529296875 0.310546875 0.53857421875 0.32682291586538464 0.54443359375 0.34440104086538464 0.54541015625 0.357421875 0.5439453125
1 0.2623697908653846 0.62158203125 0.2825520841346154 0.609375 0.2890625 0.60009765625 0.291015625 0.5810546875 0.2877604158653846 0.57177734375 0.2805989591346154 0.56396484375 0.2662760408653846 0.5556640625 0.251953125 0.552734375 0.22265625 0.5556640625 0.20833333413461538 0.564453125 0.19986979086538462 0.5751953125 0.19661458413461538 0.58251953125 0.197265625 0.59765625 0.20638020913461538 0.611328125 0.22330729086538462 0.62109375 0.23567708413461538 0.62353515625 0.2623697908653846 0.62158203125
1 0.48046875 0.607421875 0.48958333413461536 0.5986328125 0.494140625 0.5849609375 0.49348958413461536 0.57568359375 0.48567708413461536 0.56005859375 0.470703125 0.55029296875 0.455078125 0.5458984375 0.439453125 0.546875 0.42057291586538464 0.552734375 0.40690104086538464 0.56396484375 0.400390625 0.57666015625 0.40104166586538464 0.59033203125 0.40755208413461536 0.60107421875 0.41536458413461536 0.60791015625 0.435546875 0.6171875 0.458984375 0.6162109375 0.48046875 0.607421875
1 0.49609375 0.53759765625 0.505859375 0.52978515625 0.513671875 0.51416015625 0.5130208341346154 0.50341796875 0.505859375 0.48974609375 0.49088541586538464 0.47998046875 0.47265625 0.47509765625 0.45572916586538464 0.4755859375 0.435546875 0.48388671875 0.42708333413461536 0.49169921875 0.42057291586538464 0.5048828125 0.42252604086538464 0.5205078125 0.43098958413461536 0.53125 0.44596354086538464 0.54052734375 0.46614583413461536 0.54638671875 0.48763020913461536 0.5419921875 0.49609375 0.53759765625
1 0.599609375 0.6923828125 0.615234375 0.68212890625 0.623046875 0.669921875 0.6243489591346154 0.65771484375 0.6204427091346154 0.6455078125 0.6119791658653846 0.63525390625 0.5944010408653846 0.62548828125 0.5735677091346154 0.623046875 0.5520833341346154 0.62841796875 0.5358072908653846 0.64111328125 0.5305989591346154 0.65380859375 0.53125 0.66748046875 0.5358072908653846 0.67724609375 0.55078125 0.68994140625 0.5638020841346154 0.69482421875 0.5833333341346154 0.6962890625 0.599609375 0.6923828125
1 0.6145833341346154 0.61474609375 0.6302083341346154 0.603515625 0.63671875 0.59033203125 0.6354166658653846 0.57470703125 0.6282552091346154 0.5634765625 0.6165364591346154 0.5546875 0.599609375 0.54833984375 0.583984375 0.5478515625 0.5631510408653846 0.5537109375 0.5514322908653846 0.56201171875 0.5442708341346154 0.5751953125 0.5442708341346154 0.58935546875 0.5520833341346154 0.603515625 0.5696614591346154 0.61572265625 0.583984375 0.619140625 0.5983072908653846 0.619140625 0.6145833341346154 0.61474609375
3 0.38606770913461536 0.7802734375 0.40104166586538464 0.767578125 0.408203125 0.75634765625 0.41080729086538464 0.73681640625 0.40494791586538464 0.7216796875 0.392578125 0.70849609375 0.37239583413461536 0.7001953125 0.345703125 0.69873046875 0.32421875 0.70458984375 0.3046875 0.71923828125 0.2962239591346154 0.73583984375 0.2955729158653846 0.75048828125 0.3020833341346154 0.7646484375 0.31966145913461536 0.779296875 0.33658854086538464 0.78466796875 0.36588541586538464 0.78564453125 0.38606770913461536 0.7802734375
1 0.6881510408653846 0.75537109375 0.7044270841346154 0.748046875 0.7154947908653846 0.736328125 0.7194010408653846 0.7265625 0.7194010408653846 0.71533203125 0.7161458341346154 0.70703125 0.7109375 0.69970703125 0.7005208341346154 0.69140625 0.6861979158653846 0.685546875 0.6627604158653846 0.6845703125 0.6458333341346154 0.689453125 0.6328125 0.6982421875 0.6256510408653846 0.7099609375 0.6256510408653846 0.72705078125 0.6302083341346154 0.7373046875 0.6419270841346154 0.74853515625 0.66015625 0.755859375 0.6770833341346154 0.75732421875 0.6881510408653846 0.75537109375
1 0.5826822908653846 0.802734375 0.5989583341346154 0.7919921875 0.607421875 0.779296875 0.6080729158653846 0.76708984375 0.6041666658653846 0.7548828125 0.5950520841346154 0.744140625 0.580078125 0.73583984375 0.5514322908653846 0.73388671875 0.537109375 0.7373046875 0.521484375 0.74755859375 0.5123697908653846 0.76318359375 0.5130208341346154 0.779296875 0.5208333341346154 0.79150390625 0.5384114591346154 0.80224609375 0.552734375 0.8056640625 0.5690104158653846 0.80615234375 0.5826822908653846 0.802734375