1 0.435546875 0.15771484375 0.42643229086538464 0.166015625 0.42122395913461536 0.177734375 0.421875 0.189453125 0.42903645913461536 0.201171875 0.44010416586538464 0.2099609375 0.45768229086538464 0.21630859375 0.46875 0.21630859375 0.490234375 0.21142578125 0.5032552091346154 0.203125 0.5123697908653846 0.18798828125 0.5123697908653846 0.17431640625 0.5071614591346154 0.16552734375 0.49153645913461536 0.15380859375 0.47916666586538464 0.1494140625 0.45442708413461536 0.14990234375 0.435546875 0.15771484375
1 0.5364583341346154 0.20458984375 0.5247395841346154 0.21630859375 0.5221354158653846 0.23486328125 0.525390625 0.244140625 0.537109375 0.25634765625 0.5501302091346154 0.2626953125 0.5729166658653846 0.26416015625 0.5872395841346154 0.26171875 0.6002604158653846 0.25537109375 0.611328125 0.24267578125 0.6145833341346154 0.232421875 0.6119791658653846 0.21630859375 0.603515625 0.20654296875 0.587890625 0.1982421875 0.5729166658653846 0.19580078125 0.5501302091346154 0.19775390625 0.5364583341346154 0.20458984375
1 0.7161458341346154 0.376953125 0.7057291658653846 0.384765625 0.6979166658653846 0.400390625 0.69921875 0.41162109375 0.7057291658653846 0.423828125 0.720703125 0.435546875 0.7311197908653846 0.43896484375 0.7545572908653846 0.439453125 0.7682291658653846 0.435546875 0.7747395841346154 0.431640625 0.7877604158653846 0.41943359375 0.7923177091346154 0.408203125 0.7916666658653846 0.39599609375 0.7845052091346154 0.38427734375 0.7740885408653846 0.376953125 0.7532552091346154 0.37060546875 0.7291666658653846 0.37158203125 0.7161458341346154 0.376953125
1 0.5572916658653846 0.34912109375 0.544921875 0.3583984375 0.537109375 0.3720703125 0.537109375 0.38232421875 0.544921875 0.39794921875 0.5579427091346154 0.40771484375 0.5690104158653846 0.412109375 0.5924479158653846 0.412109375 0.6119791658653846 0.40478515625 0.623046875 0.3955078125 0.62890625 0.38427734375 0.62890625 0.37109375 0.6217447908653846 0.357421875 0.6028645841346154 0.345703125 0.591796875 0.34423828125 0.5690104158653846 0.34521484375 0.5572916658653846 0.34912109375
1 0.43229166586538464 0.375 0.42317708413461536 0.38427734375 0.419921875 0.3935546875 0.419921875 0.40380859375 0.42317708413461536 0.4140625 0.43294270913461536 0.42431640625 0.44791666586538464 0.431640625 0.45963541586538464 0.43408203125 0.478515625 0.43212890625 0.49088541586538464 0.427734375 0.50390625 0.41796875 0.5110677091346154 0.404296875 0.5104166658653846 0.3896484375 0.5026041658653846 0.37841796875 0.48567708413461536 0.36767578125 0.466796875 0.36474609375 0.44596354086538464 0.3681640625 0.43229166586538464 0.375
1 0.35026041586538464 0.3876953125 0.3359375 0.3974609375 0.32877604086538464 0.4091796875 0.32877604086538464 0.423828125 0.33463541586538464 0.43505859375 0.34895833413461536 0.4462890625 0.36328125 0.451171875 0.3828125 0.451171875 0.40364583413461536 0.443359375 0.41471354086538464 0.4345703125 0.42057291586538464 0.4228515625 0.42122395913461536 0.41162109375 0.41536458413461536 0.3994140625 0.40104166586538464 0.38818359375 0.384765625 0.3828125 0.36848958413461536 0.38232421875 0.35026041586538464 0.3876953125
1 0.23307291586538462 0.37451171875 0.21744791586538462 0.38818359375 0.21419270913461538 0.396484375 0.21614583413461538 0.41357421875 0.224609375 0.4248046875 0.234375 0.431640625 0.24479166586538462 0.435546875 0.2643229158653846 0.4375 0.279296875 0.43505859375 0.3014322908653846 0.419921875 0.3072916658653846 0.4091796875 0.3072916658653846 0.39501953125 0.3001302091346154 0.38232421875 0.2858072908653846 0.37255859375 0.267578125 0.36767578125 0.24544270913461538 0.369140625 0.23307291586538462 0.37451171875
1 0.6315104158653846 0.48193359375 0.6171875 0.49462890625 0.6126302091346154 0.50634765625 0.6145833341346154 0.52099609375 0.626953125 0.53662109375 0.642578125 0.5439453125 0.6555989591346154 0.54541015625 0.6731770841346154 0.54443359375 0.689453125 0.53857421875 0.7005208341346154 0.529296875 0.7063802091346154 0.5185546875 0.7063802091346154 0.5029296875 0.697265625 0.48828125 0.6822916658653846 0.47900390625 0.6673177091346154 0.4755859375 0.6419270841346154 0.4775390625 0.6315104158653846 0.48193359375
1 0.7194010408653846 0.56396484375 0.7122395841346154 0.57177734375 0.708984375 0.5810546875 0.7109375 0.60009765625 0.7174479158653846 0.609375 0.7376302091346154 0.62158203125 0.7643229158653846 0.62353515625 0.7766927091346154 0.62109375 0.7936197908653846 0.611328125 0.802734375 0.59765625 0.8033854158653846 0.58251953125 0.8001302091346154 0.5751953125 0.7916666658653846 0.564453125 0.77734375 0.5556640625 0.748046875 0.552734375 0.7337239591346154 0.5556640625 0.7194010408653846 0.56396484375
1 0.529296875 0.55029296875 0.5143229158653846 0.56005859375 0.5065104158653846 0.57568359375 0.505859375 0.5849609375 0.5104166658653846 0.5986328125 0.51953125 0.607421875 0.541015625 0.6162109375 0.564453125 0.6171875 0.5846354158653846 0.60791015625 0.5924479158653846 0.60107421875 0.5989583341346154 0.59033203125 0.599609375 0.57666015625 0.5930989591346154 0.56396484375 0.5794270841346154 0.552734375 0.560546875 0.546875 0.544921875 0.5458984375 0.529296875 0.55029296875
1 0.5091145841346154 0.47998046875 0.494140625 0.48974609375 0.48697916586538464 0.50341796875 0.486328125 0.51416015625 0.494140625 0.52978515625 0.50390625 0.53759765625 0.5123697908653846 0.5419921875 0.5338541658653846 0.54638671875 0.5540364591346154 0.54052734375 0.5690104158653846 0.53125 0.5774739591346154 0.5205078125 0.5794270841346154 0.5048828125 0.5729166658653846 0.49169921875 0.564453125 0.48388671875 0.5442708341346154 0.4755859375 0.52734375 0.47509765625 0.5091145841346154 0.47998046875
1 0.38802083413461536 0.63525390625 0.37955729086538464 0.6455078125 0.37565104086538464 0.65771484375 0.376953125 0.669921875 0.384765625 0.68212890625 0.400390625 0.6923828125 0.41666666586538464 0.6962890625 0.43619791586538464 0.69482421875 0.44921875 0.68994140625 0.46419270913461536 0.67724609375 0.46875 0.66748046875 0.46940104086538464 0.65380859375 0.46419270913461536 0.64111328125 0.44791666586538464 0.62841796875 0.42643229086538464 0.623046875 0.40559895913461536 0.62548828125 0.38802083413461536 0.63525390625
1 0.38346354086538464 0.5546875 0.37174479086538464 0.5634765625 0.36458333413461536 0.57470703125 0.36328125 0.59033203125 0.36979166586538464 0.603515625 0.38541666586538464 0.61474609375 0.40169270913461536 0.619140625 0.416015625 0.619140625 0.43033854086538464 0.61572265625 0.44791666586538464 0.603515625 0.45572916586538464 0.58935546875 0.45572916586538464 0.5751953125 0.44856770913461536 0.56201171875 0.43684895913461536 0.5537109375 0.416015625 0.5478515625 0.400390625 0.54833984375 0.38346354086538464 0.5546875
3 0.607421875 0.70849609375 0.5950520841346154 0.7216796875 0.5891927091346154 0.73681640625 0.591796875 0.75634765625 0.5989583341346154 0.767578125 0.6139322908653846 0.7802734375 0.6341145841346154 0.78564453125 0.6634114591346154 0.78466796875 0.6803385408653846 0.779296875 0.6979166658653846 0.7646484375 0.7044270841346154 0.75048828125 0.7037760408653846 0.73583984375 0.6953125 0.71923828125 0.67578125 0.70458984375 0.654296875 0.69873046875 0.6276041658653846 0.7001953125 0.607421875 0.70849609375
1 0.2994791658653846 0.69140625 0.2890625 0.69970703125 0.2838541658653846 0.70703125 0.2805989591346154 0.71533203125 0.2805989591346154 0.7265625 0.2845052091346154 0.736328125 0.2955729158653846 0.748046875 0.31184895913461536 0.75537109375 0.32291666586538464 0.75732421875 0.33984375 0.755859375 0.35807291586538464 0.74853515625 0.36979166586538464 0.7373046875 0.37434895913461536 0.72705078125 0.37434895913461536 0.7099609375 0.3671875 0.6982421875 0.35416666586538464 0.689453125 0.33723958413461536 0.6845703125 0.31380208413461536 0.685546875 0.2994791658653846 0.69140625
1 0.40494791586538464 0.744140625 0.39583333413461536 0.7548828125 0.39192708413461536 0.76708984375 0.392578125 0.779296875 0.40104166586538464 0.7919921875 0.41731770913461536 0.802734375 0.43098958413461536 0.80615234375 0.447265625 0.8056640625 0.46158854086538464 0.80224609375 0.47916666586538464 0.79150390625 0.48697916586538464 0.779296875 0.48763020913461536 0.76318359375 0.478515625 0.74755859375 0.462890625 0.7373046875 0.44856770913461536 0.73388671875 0.419921875 0.73583984375 0.40494791586538464 0.744140625