1 0.82568359375 0.48763020913461536 0.81201171875 0.48763020913461536 0.796875 0.49674479086538464 0.78857421875 0.509765625 0.78369140625 0.53125 0.78369140625 0.5423177091346154 0.7900390625 0.5598958341346154 0.798828125 0.5709635408653846 0.810546875 0.578125 0.822265625 0.5787760408653846 0.833984375 0.5735677091346154 0.84228515625 0.564453125 0.85009765625 0.5455729158653846 0.8505859375 0.5208333341346154 0.84619140625 0.5084635408653846 0.83447265625 0.49283854086538464 0.82568359375 0.48763020913461536
1 0.78369140625 0.38802083413461536 0.767578125 0.38541666586538464 0.75732421875 0.388671875 0.74462890625 0.39973958413461536 0.73828125 0.41276041586538464 0.73583984375 0.42708333413461536 0.7373046875 0.44986979086538464 0.74365234375 0.462890625 0.755859375 0.474609375 0.76513671875 0.47786458413461536 0.78369140625 0.47526041586538464 0.79541015625 0.46354166586538464 0.80224609375 0.44986979086538464 0.80419921875 0.42708333413461536 0.8017578125 0.412109375 0.79345703125 0.396484375 0.78369140625 0.38802083413461536
1 0.61572265625 0.21549479086538462 0.60400390625 0.20833333413461538 0.591796875 0.20768229086538462 0.58056640625 0.21223958413461538 0.568359375 0.22526041586538462 0.564453125 0.23177083413461538 0.560546875 0.24544270913461538 0.56103515625 0.2688802091346154 0.564453125 0.279296875 0.576171875 0.2942708341346154 0.58837890625 0.30078125 0.599609375 0.3020833341346154 0.615234375 0.2942708341346154 0.623046875 0.2838541658653846 0.62841796875 0.2708333341346154 0.62939453125 0.24674479086538462 0.623046875 0.22591145913461538 0.61572265625 0.21549479086538462
1 0.62890625 0.37109375 0.61572265625 0.37109375 0.6044921875 0.376953125 0.59521484375 0.38802083413461536 0.587890625 0.40755208413461536 0.587890625 0.43098958413461536 0.59228515625 0.44205729086538464 0.60205078125 0.455078125 0.61767578125 0.462890625 0.6279296875 0.462890625 0.6416015625 0.455078125 0.65087890625 0.44270833413461536 0.65478515625 0.43098958413461536 0.65576171875 0.408203125 0.654296875 0.39713541586538464 0.642578125 0.37825520913461536 0.62890625 0.37109375
1 0.62158203125 0.49739583413461536 0.6103515625 0.48958333413461536 0.595703125 0.48893229086538464 0.58203125 0.49609375 0.572265625 0.5091145841346154 0.56787109375 0.521484375 0.56591796875 0.5403645841346154 0.568359375 0.5520833341346154 0.57568359375 0.5670572908653846 0.5859375 0.5768229158653846 0.59619140625 0.580078125 0.6064453125 0.580078125 0.61572265625 0.5768229158653846 0.625 0.5677083341346154 0.6318359375 0.5540364591346154 0.63525390625 0.533203125 0.63232421875 0.5143229158653846 0.62158203125 0.49739583413461536
1 0.58837890625 0.5787760408653846 0.5771484375 0.5794270841346154 0.5654296875 0.5852864591346154 0.556640625 0.5963541658653846 0.548828125 0.6171875 0.548828125 0.63671875 0.5537109375 0.6510416658653846 0.56494140625 0.6653645841346154 0.576171875 0.6712239591346154 0.5908203125 0.6712239591346154 0.6025390625 0.6640625 0.6123046875 0.6497395841346154 0.61767578125 0.6315104158653846 0.6171875 0.615234375 0.61181640625 0.5989583341346154 0.6005859375 0.5846354158653846 0.58837890625 0.5787760408653846
1 0.60498046875 0.6927083341346154 0.5908203125 0.6927083341346154 0.580078125 0.6985677091346154 0.56494140625 0.720703125 0.5625 0.7356770841346154 0.564453125 0.7552083341346154 0.568359375 0.765625 0.5751953125 0.775390625 0.58642578125 0.7838541658653846 0.603515625 0.7858072908653846 0.61181640625 0.7825520841346154 0.62548828125 0.7669270841346154 0.630859375 0.7545572908653846 0.63232421875 0.732421875 0.62744140625 0.7141927091346154 0.61767578125 0.6998697908653846 0.60498046875 0.6927083341346154
1 0.4970703125 0.2936197908653846 0.4814453125 0.2936197908653846 0.470703125 0.2994791658653846 0.46142578125 0.310546875 0.45556640625 0.32682291586538464 0.45458984375 0.34440104086538464 0.4560546875 0.357421875 0.46337890625 0.373046875 0.47900390625 0.38541666586538464 0.49365234375 0.38736979086538464 0.50537109375 0.3828125 0.51806640625 0.36848958413461536 0.5224609375 0.35807291586538464 0.5244140625 0.33268229086538464 0.52099609375 0.31770833413461536 0.51171875 0.302734375 0.4970703125 0.2936197908653846
1 0.4248046875 0.19986979086538462 0.41748046875 0.19661458413461538 0.40234375 0.197265625 0.388671875 0.20638020913461538 0.37890625 0.22330729086538462 0.37646484375 0.23567708413461538 0.37841796875 0.2623697908653846 0.390625 0.2825520841346154 0.39990234375 0.2890625 0.4189453125 0.291015625 0.42822265625 0.2877604158653846 0.43603515625 0.2805989591346154 0.4443359375 0.2662760408653846 0.447265625 0.251953125 0.4443359375 0.22265625 0.435546875 0.20833333413461538 0.4248046875 0.19986979086538462
1 0.42333984375 0.400390625 0.40966796875 0.40104166586538464 0.39892578125 0.40755208413461536 0.39208984375 0.41536458413461536 0.3828125 0.435546875 0.3837890625 0.458984375 0.392578125 0.48046875 0.4013671875 0.48958333413461536 0.4150390625 0.494140625 0.42431640625 0.49348958413461536 0.43994140625 0.48567708413461536 0.44970703125 0.470703125 0.4541015625 0.455078125 0.453125 0.439453125 0.447265625 0.42057291586538464 0.43603515625 0.40690104086538464 0.42333984375 0.400390625
1 0.4951171875 0.42057291586538464 0.4794921875 0.42252604086538464 0.46875 0.43098958413461536 0.45947265625 0.44596354086538464 0.45361328125 0.46614583413461536 0.4580078125 0.48763020913461536 0.46240234375 0.49609375 0.47021484375 0.505859375 0.48583984375 0.513671875 0.49658203125 0.5130208341346154 0.51025390625 0.505859375 0.52001953125 0.49088541586538464 0.52490234375 0.47265625 0.5244140625 0.45572916586538464 0.51611328125 0.435546875 0.50830078125 0.42708333413461536 0.4951171875 0.42057291586538464
1 0.34619140625 0.5305989591346154 0.33251953125 0.53125 0.32275390625 0.5358072908653846 0.31005859375 0.55078125 0.30517578125 0.5638020841346154 0.3037109375 0.5833333341346154 0.3076171875 0.599609375 0.31787109375 0.615234375 0.330078125 0.623046875 0.34228515625 0.6243489591346154 0.3544921875 0.6204427091346154 0.36474609375 0.6119791658653846 0.37451171875 0.5944010408653846 0.376953125 0.5735677091346154 0.37158203125 0.5520833341346154 0.35888671875 0.5358072908653846 0.34619140625 0.5305989591346154
1 0.4248046875 0.5442708341346154 0.41064453125 0.5442708341346154 0.396484375 0.5520833341346154 0.38427734375 0.5696614591346154 0.380859375 0.583984375 0.380859375 0.5983072908653846 0.38525390625 0.6145833341346154 0.396484375 0.6302083341346154 0.40966796875 0.63671875 0.42529296875 0.6354166658653846 0.4365234375 0.6282552091346154 0.4453125 0.6165364591346154 0.45166015625 0.599609375 0.4521484375 0.583984375 0.4462890625 0.5631510408653846 0.43798828125 0.5514322908653846 0.4248046875 0.5442708341346154
3 0.26416015625 0.2962239591346154 0.24951171875 0.2955729158653846 0.2353515625 0.3020833341346154 0.220703125 0.31966145913461536 0.21533203125 0.33658854086538464 0.21435546875 0.36588541586538464 0.2197265625 0.38606770913461536 0.232421875 0.40104166586538464 0.24365234375 0.408203125 0.26318359375 0.41080729086538464 0.2783203125 0.40494791586538464 0.29150390625 0.392578125 0.2998046875 0.37239583413461536 0.30126953125 0.345703125 0.29541015625 0.32421875 0.28076171875 0.3046875 0.26416015625 0.2962239591346154
1 0.310546875 0.6458333341346154 0.3017578125 0.6328125 0.2900390625 0.6256510408653846 0.27294921875 0.6256510408653846 0.2626953125 0.6302083341346154 0.25146484375 0.6419270841346154 0.244140625 0.66015625 0.24267578125 0.6770833341346154 0.24462890625 0.6881510408653846 0.251953125 0.7044270841346154 0.263671875 0.7154947908653846 0.2734375 0.7194010408653846 0.28466796875 0.7194010408653846 0.29296875 0.7161458341346154 0.30029296875 0.7109375 0.30859375 0.7005208341346154 0.314453125 0.6861979158653846 0.3154296875 0.6627604158653846 0.310546875 0.6458333341346154
1 0.23681640625 0.5123697908653846 0.220703125 0.5130208341346154 0.20849609375 0.5208333341346154 0.19775390625 0.5384114591346154 0.1943359375 0.552734375 0.19384765625 0.5690104158653846 0.197265625 0.5826822908653846 0.2080078125 0.5989583341346154 0.220703125 0.607421875 0.23291015625 0.6080729158653846 0.2451171875 0.6041666658653846 0.255859375 0.5950520841346154 0.26416015625 0.580078125 0.26611328125 0.5514322908653846 0.2626953125 0.537109375 0.25244140625 0.521484375 0.23681640625 0.5123697908653846